    0.00000E+00    0.00000E+00    0.00000E+00
    0.14649E-08    0.34191E-05   -0.15491E-10
    0.30049E-08    0.70136E-05   -0.65183E-10
    0.46238E-08    0.10792E-04   -0.11285E-09
    0.63258E-08    0.14765E-04   -0.20101E-09
    0.81150E-08    0.18941E-04   -0.32322E-09
    0.99960E-08    0.23331E-04   -0.48605E-09
    0.11973E-07    0.27947E-04   -0.69425E-09
    0.14052E-07    0.32798E-04   -0.95399E-09
    0.16237E-07    0.37899E-04   -0.12721E-08
    0.18535E-07    0.43262E-04   -0.16561E-08
    0.20950E-07    0.48899E-04   -0.21148E-08
    0.23489E-07    0.54825E-04   -0.26575E-08
    0.26158E-07    0.61055E-04   -0.32951E-08
    0.28964E-07    0.67604E-04   -0.40393E-08
    0.31914E-07    0.74490E-04   -0.49034E-08
    0.35015E-07    0.81728E-04   -0.59022E-08
    0.38276E-07    0.89338E-04   -0.70520E-08
    0.41703E-07    0.97337E-04   -0.83711E-08
    0.45306E-07    0.10575E-03   -0.98798E-08
    0.49094E-07    0.11459E-03   -0.11601E-07
    0.53076E-07    0.12388E-03   -0.13558E-07
    0.57262E-07    0.13365E-03   -0.15781E-07
    0.61663E-07    0.14392E-03   -0.18300E-07
    0.66289E-07    0.15472E-03   -0.21149E-07
    0.71153E-07    0.16607E-03   -0.24366E-07
    0.76266E-07    0.17801E-03   -0.27993E-07
    0.81641E-07    0.19055E-03   -0.32078E-07
    0.87291E-07    0.20374E-03   -0.36672E-07
    0.93232E-07    0.21761E-03   -0.41833E-07
    0.99477E-07    0.23218E-03   -0.47625E-07
    0.10604E-06    0.24751E-03   -0.54118E-07
    0.11294E-06    0.26362E-03   -0.61392E-07
    0.12020E-06    0.28055E-03   -0.69533E-07
    0.12783E-06    0.29836E-03   -0.78638E-07
    0.13585E-06    0.31707E-03   -0.88814E-07
    0.14428E-06    0.33675E-03   -0.10018E-06
    0.15314E-06    0.35743E-03   -0.11286E-06
    0.16245E-06    0.37918E-03   -0.12701E-06
    0.17225E-06    0.40204E-03   -0.14279E-06
    0.18254E-06    0.42607E-03   -0.16037E-06
    0.19337E-06    0.45133E-03   -0.17995E-06
    0.20475E-06    0.47789E-03   -0.20175E-06
    0.21671E-06    0.50581E-03   -0.22602E-06
    0.22929E-06    0.53517E-03   -0.25301E-06
    0.24251E-06    0.56602E-03   -0.28303E-06
    0.25641E-06    0.59846E-03   -0.31640E-06
    0.27102E-06    0.63257E-03   -0.35349E-06
    0.28638E-06    0.66842E-03   -0.39469E-06
    0.30252E-06    0.70611E-03   -0.44046E-06
    0.31950E-06    0.74573E-03   -0.49128E-06
    0.33735E-06    0.78738E-03   -0.54769E-06
    0.35611E-06    0.83117E-03   -0.61030E-06
    0.37583E-06    0.87721E-03   -0.67978E-06
    0.39656E-06    0.92560E-03   -0.75685E-06
    0.41836E-06    0.97648E-03   -0.84234E-06
    0.44128E-06    0.10300E-02   -0.93714E-06
    0.46537E-06    0.10862E-02   -0.10422E-05
    0.49069E-06    0.11453E-02   -0.11588E-05
    0.51731E-06    0.12074E-02   -0.12879E-05
    0.54530E-06    0.12728E-02   -0.14311E-05
    0.57472E-06    0.13414E-02   -0.15897E-05
    0.60566E-06    0.14136E-02   -0.17654E-05
    0.63817E-06    0.14895E-02   -0.19600E-05
    0.67236E-06    0.15693E-02   -0.21756E-05
    0.70830E-06    0.16532E-02   -0.24144E-05
    0.74608E-06    0.17414E-02   -0.26788E-05
    0.78579E-06    0.18341E-02   -0.29716E-05
    0.82755E-06    0.19315E-02   -0.32958E-05
    0.87144E-06    0.20340E-02   -0.36547E-05
    0.91758E-06    0.21417E-02   -0.40520E-05
    0.96609E-06    0.22549E-02   -0.44918E-05
    0.10171E-05    0.23739E-02   -0.49785E-05
    0.10707E-05    0.24991E-02   -0.55172E-05
    0.11271E-05    0.26306E-02   -0.61133E-05
    0.11863E-05    0.27689E-02   -0.67729E-05
    0.12486E-05    0.29143E-02   -0.75028E-05
    0.13141E-05    0.30671E-02   -0.83104E-05
    0.13829E-05    0.32278E-02   -0.92038E-05
    0.14553E-05    0.33967E-02   -0.10192E-04
    0.15314E-05    0.35743E-02   -0.11286E-04
    0.16114E-05    0.37609E-02   -0.12495E-04
    0.16954E-05    0.39572E-02   -0.13833E-04
    0.17838E-05    0.41635E-02   -0.15313E-04
    0.18768E-05    0.43803E-02   -0.16950E-04
    0.19744E-05    0.46083E-02   -0.18760E-04
    0.20771E-05    0.48480E-02   -0.20763E-04
    0.21851E-05    0.51000E-02   -0.22977E-04
    0.22986E-05    0.53649E-02   -0.25426E-04
    0.24179E-05    0.56433E-02   -0.28133E-04
    0.25433E-05    0.59361E-02   -0.31128E-04
    0.26752E-05    0.62438E-02   -0.34439E-04
    0.28138E-05    0.65673E-02   -0.38100E-04
    0.29596E-05    0.69074E-02   -0.42148E-04
    0.31128E-05    0.72649E-02   -0.46624E-04
    0.32738E-05    0.76408E-02   -0.51572E-04
    0.34432E-05    0.80359E-02   -0.57043E-04
    0.36212E-05    0.84512E-02   -0.63092E-04
    0.38083E-05    0.88879E-02   -0.69780E-04
    0.40050E-05    0.93469E-02   -0.77173E-04
    0.42118E-05    0.98294E-02   -0.85346E-04
    0.44292E-05    0.10337E-01   -0.94381E-04
    0.46578E-05    0.10870E-01   -0.10437E-03
    0.48980E-05    0.11430E-01   -0.11541E-03
    0.51506E-05    0.12020E-01   -0.12761E-03
    0.54162E-05    0.12639E-01   -0.14110E-03
    0.56953E-05    0.13290E-01   -0.15602E-03
    0.59888E-05    0.13975E-01   -0.17250E-03
    0.62973E-05    0.14694E-01   -0.19072E-03
    0.66217E-05    0.15451E-01   -0.21085E-03
    0.69626E-05    0.16246E-01   -0.23311E-03
    0.73211E-05    0.17082E-01   -0.25770E-03
    0.76979E-05    0.17960E-01   -0.28488E-03
    0.80940E-05    0.18884E-01   -0.31492E-03
    0.85105E-05    0.19854E-01   -0.34812E-03
    0.89483E-05    0.20875E-01   -0.38480E-03
    0.94086E-05    0.21947E-01   -0.42534E-03
    0.98924E-05    0.23074E-01   -0.47014E-03
    0.10401E-04    0.24259E-01   -0.51963E-03
    0.10936E-04    0.25505E-01   -0.57431E-03
    0.11498E-04    0.26813E-01   -0.63473E-03
    0.12089E-04    0.28189E-01   -0.70148E-03
    0.12710E-04    0.29635E-01   -0.77522E-03
    0.13363E-04    0.31154E-01   -0.85668E-03
    0.14050E-04    0.32751E-01   -0.94665E-03
    0.14772E-04    0.34428E-01   -0.10460E-02
    0.15531E-04    0.36191E-01   -0.11558E-02
    0.16328E-04    0.38044E-01   -0.12770E-02
    0.17167E-04    0.39991E-01   -0.14108E-02
    0.18049E-04    0.42036E-01   -0.15585E-02
    0.18975E-04    0.44184E-01   -0.17217E-02
    0.19950E-04    0.46442E-01   -0.19017E-02
    0.20974E-04    0.48813E-01   -0.21004E-02
    0.22051E-04    0.51303E-01   -0.23197E-02
    0.23183E-04    0.53919E-01   -0.25616E-02
    0.24373E-04    0.56666E-01   -0.28284E-02
    0.25624E-04    0.59550E-01   -0.31227E-02
    0.26939E-04    0.62579E-01   -0.34472E-02
    0.28322E-04    0.65758E-01   -0.38049E-02
    0.29776E-04    0.69095E-01   -0.41990E-02
    0.31304E-04    0.72597E-01   -0.46332E-02
    0.32910E-04    0.76272E-01   -0.51114E-02
    0.34599E-04    0.80128E-01   -0.56378E-02
    0.36374E-04    0.84172E-01   -0.62170E-02
    0.38241E-04    0.88413E-01   -0.68540E-02
    0.40203E-04    0.92859E-01   -0.75543E-02
    0.42266E-04    0.97519E-01   -0.83235E-02
    0.44434E-04    0.10240E+00   -0.91681E-02
    0.46714E-04    0.10752E+00   -0.10095E-01
    0.49110E-04    0.11287E+00   -0.11110E-01
    0.51630E-04    0.11848E+00   -0.12223E-01
    0.54278E-04    0.12435E+00   -0.13440E-01
    0.57063E-04    0.13048E+00   -0.14770E-01
    0.59990E-04    0.13690E+00   -0.16222E-01
    0.63067E-04    0.14361E+00   -0.17805E-01
    0.66302E-04    0.15061E+00   -0.19527E-01
    0.69703E-04    0.15792E+00   -0.21398E-01
    0.73278E-04    0.16555E+00   -0.23427E-01
    0.77037E-04    0.17351E+00   -0.25621E-01
    0.80988E-04    0.18181E+00   -0.27989E-01
    0.85142E-04    0.19045E+00   -0.30538E-01
    0.89508E-04    0.19946E+00   -0.33271E-01
    0.94099E-04    0.20883E+00   -0.36191E-01
    0.98925E-04    0.21858E+00   -0.39300E-01
    0.10400E-03    0.22873E+00   -0.42593E-01
    0.10933E-03    0.23929E+00   -0.46065E-01
    0.11494E-03    0.25028E+00   -0.49707E-01
    0.12083E-03    0.26171E+00   -0.53507E-01
    0.12703E-03    0.27361E+00   -0.57455E-01
    0.13354E-03    0.28599E+00   -0.61541E-01
    0.14039E-03    0.29888E+00   -0.65760E-01
    0.14759E-03    0.31231E+00   -0.70110E-01
    0.15516E-03    0.32629E+00   -0.74593E-01
    0.16312E-03    0.34085E+00   -0.79211E-01
    0.17148E-03    0.35601E+00   -0.83972E-01
    0.18028E-03    0.37181E+00   -0.88882E-01
    0.18952E-03    0.38826E+00   -0.93948E-01
    0.19924E-03    0.40539E+00   -0.99180E-01
    0.20946E-03    0.42324E+00   -0.10458E+00
    0.22020E-03    0.44183E+00   -0.11017E+00
    0.23149E-03    0.46120E+00   -0.11595E+00
    0.24336E-03    0.48136E+00   -0.12193E+00
    0.25584E-03    0.50237E+00   -0.12812E+00
    0.26896E-03    0.52424E+00   -0.13453E+00
    0.28275E-03    0.54701E+00   -0.14118E+00
    0.29724E-03    0.57073E+00   -0.14806E+00
    0.31249E-03    0.59542E+00   -0.15520E+00
    0.32851E-03    0.62112E+00   -0.16260E+00
    0.34535E-03    0.64788E+00   -0.17027E+00
    0.36306E-03    0.67574E+00   -0.17823E+00
    0.38168E-03    0.70472E+00   -0.18649E+00
    0.40125E-03    0.73489E+00   -0.19506E+00
    0.42182E-03    0.76628E+00   -0.20396E+00
    0.44345E-03    0.79893E+00   -0.21318E+00
    0.46619E-03    0.83289E+00   -0.22276E+00
    0.49009E-03    0.86822E+00   -0.23270E+00
    0.51522E-03    0.90494E+00   -0.24301E+00
    0.54164E-03    0.94313E+00   -0.25372E+00
    0.56941E-03    0.98282E+00   -0.26483E+00
    0.59861E-03    0.10241E+01   -0.27635E+00
    0.62930E-03    0.10669E+01   -0.28831E+00
    0.66157E-03    0.11114E+01   -0.30072E+00
    0.69549E-03    0.11577E+01   -0.31358E+00
    0.73115E-03    0.12057E+01   -0.32693E+00
    0.76863E-03    0.12555E+01   -0.34076E+00
    0.80804E-03    0.13071E+01   -0.35510E+00
    0.84947E-03    0.13608E+01   -0.36996E+00
    0.89303E-03    0.14163E+01   -0.38536E+00
    0.93882E-03    0.14740E+01   -0.40131E+00
    0.98695E-03    0.15337E+01   -0.41783E+00
    0.10376E-02    0.15955E+01   -0.43492E+00
    0.10908E-02    0.16595E+01   -0.45261E+00
    0.11467E-02    0.17258E+01   -0.47090E+00
    0.12055E-02    0.17943E+01   -0.48981E+00
    0.12673E-02    0.18652E+01   -0.50936E+00
    0.13323E-02    0.19384E+01   -0.52954E+00
    0.14006E-02    0.20141E+01   -0.55038E+00
    0.14724E-02    0.20921E+01   -0.57188E+00
    0.15479E-02    0.21726E+01   -0.59405E+00
    0.16272E-02    0.22556E+01   -0.61689E+00
    0.17107E-02    0.23411E+01   -0.64041E+00
    0.17984E-02    0.24292E+01   -0.66462E+00
    0.18906E-02    0.25197E+01   -0.68951E+00
    0.19875E-02    0.26127E+01   -0.71507E+00
    0.20894E-02    0.27083E+01   -0.74132E+00
    0.21965E-02    0.28063E+01   -0.76823E+00
    0.23092E-02    0.29067E+01   -0.79581E+00
    0.24276E-02    0.30095E+01   -0.82402E+00
    0.25520E-02    0.31146E+01   -0.85287E+00
    0.26829E-02    0.32219E+01   -0.88231E+00
    0.28204E-02    0.33314E+01   -0.91234E+00
    0.29650E-02    0.34429E+01   -0.94291E+00
    0.31171E-02    0.35563E+01   -0.97398E+00
    0.32769E-02    0.36715E+01   -0.10055E+01
    0.34449E-02    0.37882E+01   -0.10375E+01
    0.36215E-02    0.39062E+01   -0.10698E+01
    0.38072E-02    0.40255E+01   -0.11024E+01
    0.40024E-02    0.41455E+01   -0.11353E+01
    0.42076E-02    0.42662E+01   -0.11683E+01
    0.44233E-02    0.43872E+01   -0.12014E+01
    0.46501E-02    0.45082E+01   -0.12344E+01
    0.48885E-02    0.46287E+01   -0.12673E+01
    0.51392E-02    0.47485E+01   -0.13000E+01
    0.54027E-02    0.48669E+01   -0.13323E+01
    0.56797E-02    0.49837E+01   -0.13641E+01
    0.59709E-02    0.50982E+01   -0.13953E+01
    0.62770E-02    0.52099E+01   -0.14257E+01
    0.65988E-02    0.53183E+01   -0.14552E+01
    0.69372E-02    0.54227E+01   -0.14836E+01
    0.72928E-02    0.55225E+01   -0.15107E+01
    0.76668E-02    0.56170E+01   -0.15363E+01
    0.80598E-02    0.57055E+01   -0.15602E+01
    0.84731E-02    0.57874E+01   -0.15823E+01
    0.89075E-02    0.58618E+01   -0.16024E+01
    0.93642E-02    0.59279E+01   -0.16202E+01
    0.98443E-02    0.59851E+01   -0.16355E+01
    0.10349E-01    0.60326E+01   -0.16481E+01
    0.10880E-01    0.60696E+01   -0.16578E+01
    0.11437E-01    0.60952E+01   -0.16644E+01
    0.12024E-01    0.61089E+01   -0.16677E+01
    0.12640E-01    0.61099E+01   -0.16676E+01
    0.13288E-01    0.60976E+01   -0.16638E+01
    0.13970E-01    0.60713E+01   -0.16561E+01
    0.14686E-01    0.60305E+01   -0.16445E+01
    0.15439E-01    0.59749E+01   -0.16288E+01
    0.16231E-01    0.59040E+01   -0.16090E+01
    0.17063E-01    0.58176E+01   -0.15849E+01
    0.17938E-01    0.57157E+01   -0.15566E+01
    0.18857E-01    0.55982E+01   -0.15241E+01
    0.19824E-01    0.54653E+01   -0.14873E+01
    0.20840E-01    0.53174E+01   -0.14465E+01
    0.21909E-01    0.51550E+01   -0.14018E+01
    0.23032E-01    0.49788E+01   -0.13533E+01
    0.24213E-01    0.47896E+01   -0.13013E+01
    0.25455E-01    0.45885E+01   -0.12461E+01
    0.26760E-01    0.43766E+01   -0.11880E+01
    0.28132E-01    0.41555E+01   -0.11274E+01
    0.29574E-01    0.39265E+01   -0.10647E+01
    0.31090E-01    0.36915E+01   -0.10004E+01
    0.32684E-01    0.34521E+01   -0.93496E+00
    0.34360E-01    0.32102E+01   -0.86893E+00
    0.36122E-01    0.29679E+01   -0.80282E+00
    0.37974E-01    0.27270E+01   -0.73716E+00
    0.39921E-01    0.24895E+01   -0.67249E+00
    0.41968E-01    0.22574E+01   -0.60932E+00
    0.44119E-01    0.20323E+01   -0.54814E+00
    0.46381E-01    0.18161E+01   -0.48942E+00
    0.48759E-01    0.16102E+01   -0.43354E+00
    0.51259E-01    0.14159E+01   -0.38088E+00
    0.53887E-01    0.12343E+01   -0.33172E+00
    0.56650E-01    0.10663E+01   -0.28628E+00
    0.59555E-01    0.91243E+00   -0.24471E+00
    0.62608E-01    0.77300E+00   -0.20708E+00
    0.65818E-01    0.64805E+00   -0.17340E+00
    0.69193E-01    0.53735E+00   -0.14360E+00
    0.72740E-01    0.44046E+00   -0.11755E+00
    0.76470E-01    0.35669E+00   -0.95065E-01
    0.80391E-01    0.28522E+00   -0.75904E-01
    0.84512E-01    0.22506E+00   -0.59800E-01
    0.88845E-01    0.17513E+00   -0.46457E-01
    0.93400E-01    0.13430E+00   -0.35564E-01
    0.98189E-01    0.10143E+00   -0.26810E-01
    0.10322E+00    0.75384E-01   -0.19888E-01
    0.10852E+00    0.55095E-01   -0.14506E-01
    0.11408E+00    0.39563E-01   -0.10396E-01
    0.11993E+00    0.27888E-01   -0.73139E-02
    0.12608E+00    0.19279E-01   -0.50477E-02
    0.13254E+00    0.13055E-01   -0.34144E-02
    0.13934E+00    0.86470E-02   -0.22616E-02
    0.14648E+00    0.55915E-02   -0.14655E-02
    0.15399E+00    0.35203E-02   -0.92799E-03
    0.16189E+00    0.21486E-02   -0.57349E-03
    0.17019E+00    0.12623E-02   -0.34526E-03
    0.17891E+00    0.70437E-03   -0.20193E-03
    0.18809E+00    0.36326E-03   -0.11420E-03
    0.19773E+00    0.16165E-03   -0.61912E-04
    0.20787E+00    0.47523E-04   -0.31621E-04
    0.21852E+00   -0.13136E-04   -0.14612E-04
    0.22973E+00   -0.42011E-04   -0.54121E-05
    0.24151E+00   -0.52568E-04   -0.68526E-06
    0.25389E+00   -0.52990E-04    0.15464E-05
    0.26691E+00   -0.48156E-04    0.24249E-05
    0.28059E+00   -0.40930E-04    0.25953E-05
    0.29498E+00   -0.32966E-04    0.24157E-05
    0.31010E+00   -0.25202E-04    0.20823E-05
    0.32600E+00   -0.18150E-04    0.17011E-05
    0.34271E+00   -0.12059E-04    0.13286E-05
    0.36029E+00   -0.70197E-05    0.99302E-06
    0.37876E+00   -0.30208E-05    0.70688E-06
    0.39818E+00    0.10283E-07    0.47335E-06
    0.41859E+00    0.21829E-05    0.29024E-06
    0.44005E+00    0.36244E-05    0.15239E-06
    0.46262E+00    0.44666E-05    0.53258E-07
    0.48633E+00    0.48374E-05   -0.14137E-07
    0.51127E+00    0.48538E-05   -0.56510E-07
    0.53748E+00    0.46183E-05   -0.79930E-07
    0.56504E+00    0.42175E-05   -0.89620E-07
    0.59401E+00    0.37217E-05   -0.89882E-07
    0.62447E+00    0.31853E-05   -0.84119E-07
    0.65648E+00    0.26488E-05   -0.74920E-07
    0.69014E+00    0.21404E-05   -0.64166E-07
    0.72553E+00    0.16783E-05   -0.53158E-07
    0.76272E+00    0.12725E-05   -0.42734E-07
    0.80183E+00    0.92699E-06   -0.33381E-07
    0.84294E+00    0.64111E-06   -0.25330E-07
    0.88616E+00    0.41121E-06   -0.18638E-07
    0.93159E+00    0.23173E-06   -0.13243E-07
    0.97936E+00    0.96140E-07   -0.90190E-08
    0.10296E+01   -0.24144E-08   -0.58058E-08
    0.10824E+01   -0.70593E-07   -0.34343E-08
    0.11379E+01   -0.11456E-06   -0.17417E-08
    0.11962E+01   -0.13978E-06   -0.58065E-09
    0.12575E+01   -0.15097E-06    0.17598E-09
    0.13220E+01   -0.15204E-06    0.63405E-09
    0.13898E+01   -0.14616E-06    0.87880E-09
    0.14610E+01   -0.13582E-06    0.97678E-09
    0.15359E+01   -0.12292E-06    0.97848E-09
    0.16147E+01   -0.10888E-06    0.92104E-09
    0.16975E+01   -0.94695E-07    0.83097E-09
    0.17845E+01   -0.81053E-07    0.72649E-09
    0.18760E+01   -0.68384E-07    0.61958E-09
    0.19722E+01   -0.56934E-07    0.51767E-09
    0.20733E+01   -0.46811E-07    0.42494E-09
    0.21796E+01   -0.38029E-07    0.34339E-09
    0.22914E+01   -0.30535E-07    0.27349E-09
    0.24088E+01   -0.24237E-07    0.21492E-09
    0.25323E+01   -0.19019E-07    0.16666E-09
    0.26622E+01   -0.14753E-07    0.12768E-09
    0.27987E+01   -0.11312E-07    0.96483E-10
    0.29422E+01   -0.85719E-08    0.72139E-10
    0.30930E+01   -0.64196E-08    0.53080E-10
    0.32516E+01   -0.47492E-08    0.38784E-10
    0.34183E+01   -0.34721E-08    0.27698E-10
    0.35936E+01   -0.25061E-08    0.19851E-10
    0.37778E+01   -0.17883E-08    0.13651E-10
    0.39715E+01   -0.12587E-08    0.97053E-11
    0.41751E+01   -0.87727E-09    0.62967E-11
    0.43892E+01   -0.60196E-09    0.45844E-11
    0.46142E+01   -0.41085E-09    0.26533E-11
    0.48508E+01   -0.27455E-09    0.21488E-11
    0.50995E+01   -0.18502E-09    0.87523E-12
