    0.00000E+00    0.00000E+00    0.00000E+00
    0.10254E-06    0.24018E-03   -0.50976E-07
    0.21034E-06    0.49267E-03   -0.21449E-06
    0.32367E-06    0.75811E-03   -0.50709E-06
    0.44281E-06    0.10372E-02   -0.94885E-06
    0.56805E-06    0.13305E-02   -0.15615E-05
    0.69972E-06    0.16389E-02   -0.23690E-05
    0.83814E-06    0.19631E-02   -0.33990E-05
    0.98365E-06    0.23039E-02   -0.46815E-05
    0.11366E-05    0.26622E-02   -0.62509E-05
    0.12974E-05    0.30389E-02   -0.81447E-05
    0.14665E-05    0.34349E-02   -0.10406E-04
    0.16442E-05    0.38511E-02   -0.13080E-04
    0.18311E-05    0.42887E-02   -0.16222E-04
    0.20275E-05    0.47488E-02   -0.19889E-04
    0.22340E-05    0.52324E-02   -0.24146E-04
    0.24511E-05    0.57408E-02   -0.29066E-04
    0.26793E-05    0.62752E-02   -0.34729E-04
    0.29192E-05    0.68371E-02   -0.41226E-04
    0.31714E-05    0.74277E-02   -0.48656E-04
    0.34366E-05    0.80486E-02   -0.57131E-04
    0.37153E-05    0.87013E-02   -0.66772E-04
    0.40083E-05    0.93875E-02   -0.77716E-04
    0.43164E-05    0.10109E-01   -0.90117E-04
    0.46402E-05    0.10867E-01   -0.10414E-03
    0.49807E-05    0.11664E-01   -0.11998E-03
    0.53386E-05    0.12502E-01   -0.13783E-03
    0.57149E-05    0.13383E-01   -0.15793E-03
    0.61104E-05    0.14308E-01   -0.18053E-03
    0.65262E-05    0.15282E-01   -0.20592E-03
    0.69634E-05    0.16305E-01   -0.23441E-03
    0.74229E-05    0.17380E-01   -0.26634E-03
    0.79061E-05    0.18510E-01   -0.30209E-03
    0.84140E-05    0.19698E-01   -0.34210E-03
    0.89479E-05    0.20947E-01   -0.38683E-03
    0.95092E-05    0.22259E-01   -0.43681E-03
    0.10099E-04    0.23639E-01   -0.49260E-03
    0.10720E-04    0.25089E-01   -0.55484E-03
    0.11372E-04    0.26612E-01   -0.62424E-03
    0.12057E-04    0.28214E-01   -0.70157E-03
    0.12778E-04    0.29897E-01   -0.78770E-03
    0.13536E-04    0.31665E-01   -0.88356E-03
    0.14332E-04    0.33524E-01   -0.99022E-03
    0.15170E-04    0.35477E-01   -0.11088E-02
    0.16050E-04    0.37529E-01   -0.12406E-02
    0.16975E-04    0.39684E-01   -0.13870E-02
    0.17948E-04    0.41949E-01   -0.15496E-02
    0.18971E-04    0.44329E-01   -0.17301E-02
    0.20046E-04    0.46828E-01   -0.19303E-02
    0.21177E-04    0.49453E-01   -0.21523E-02
    0.22365E-04    0.52211E-01   -0.23983E-02
    0.23614E-04    0.55106E-01   -0.26710E-02
    0.24927E-04    0.58147E-01   -0.29729E-02
    0.26308E-04    0.61339E-01   -0.33070E-02
    0.27759E-04    0.64690E-01   -0.36767E-02
    0.29285E-04    0.68207E-01   -0.40856E-02
    0.30889E-04    0.71897E-01   -0.45374E-02
    0.32576E-04    0.75770E-01   -0.50365E-02
    0.34348E-04    0.79832E-01   -0.55875E-02
    0.36212E-04    0.84093E-01   -0.61954E-02
    0.38171E-04    0.88560E-01   -0.68657E-02
    0.40231E-04    0.93243E-01   -0.76041E-02
    0.42396E-04    0.98151E-01   -0.84171E-02
    0.44672E-04    0.10329E+00   -0.93114E-02
    0.47065E-04    0.10868E+00   -0.10294E-01
    0.49581E-04    0.11431E+00   -0.11373E-01
    0.52225E-04    0.12021E+00   -0.12557E-01
    0.55005E-04    0.12639E+00   -0.13853E-01
    0.57928E-04    0.13284E+00   -0.15272E-01
    0.61001E-04    0.13958E+00   -0.16821E-01
    0.64231E-04    0.14663E+00   -0.18511E-01
    0.67627E-04    0.15399E+00   -0.20351E-01
    0.71196E-04    0.16167E+00   -0.22349E-01
    0.74949E-04    0.16967E+00   -0.24516E-01
    0.78895E-04    0.17802E+00   -0.26859E-01
    0.83042E-04    0.18672E+00   -0.29385E-01
    0.87402E-04    0.19578E+00   -0.32100E-01
    0.91986E-04    0.20521E+00   -0.35007E-01
    0.96805E-04    0.21503E+00   -0.38108E-01
    0.10187E-03    0.22524E+00   -0.41399E-01
    0.10720E-03    0.23586E+00   -0.44877E-01
    0.11279E-03    0.24691E+00   -0.48531E-01
    0.11868E-03    0.25840E+00   -0.52350E-01
    0.12487E-03    0.27036E+00   -0.56322E-01
    0.13137E-03    0.28281E+00   -0.60437E-01
    0.13821E-03    0.29576E+00   -0.64687E-01
    0.14540E-03    0.30924E+00   -0.69069E-01
    0.15296E-03    0.32329E+00   -0.73584E-01
    0.16090E-03    0.33791E+00   -0.78235E-01
    0.16925E-03    0.35314E+00   -0.83027E-01
    0.17803E-03    0.36900E+00   -0.87967E-01
    0.18726E-03    0.38551E+00   -0.93064E-01
    0.19697E-03    0.40272E+00   -0.98325E-01
    0.20717E-03    0.42063E+00   -0.10376E+00
    0.21789E-03    0.43929E+00   -0.10937E+00
    0.22917E-03    0.45872E+00   -0.11518E+00
    0.24102E-03    0.47896E+00   -0.12119E+00
    0.25348E-03    0.50004E+00   -0.12741E+00
    0.26658E-03    0.52198E+00   -0.13385E+00
    0.28035E-03    0.54484E+00   -0.14052E+00
    0.29483E-03    0.56863E+00   -0.14743E+00
    0.31004E-03    0.59340E+00   -0.15459E+00
    0.32604E-03    0.61919E+00   -0.16202E+00
    0.34286E-03    0.64603E+00   -0.16972E+00
    0.36054E-03    0.67397E+00   -0.17771E+00
    0.37913E-03    0.70305E+00   -0.18600E+00
    0.39867E-03    0.73331E+00   -0.19460E+00
    0.41922E-03    0.76479E+00   -0.20352E+00
    0.44081E-03    0.79754E+00   -0.21278E+00
    0.46352E-03    0.83160E+00   -0.22239E+00
    0.48738E-03    0.86703E+00   -0.23236E+00
    0.51248E-03    0.90386E+00   -0.24271E+00
    0.53885E-03    0.94216E+00   -0.25344E+00
    0.56658E-03    0.98196E+00   -0.26459E+00
    0.59573E-03    0.10233E+01   -0.27615E+00
    0.62638E-03    0.10663E+01   -0.28814E+00
    0.65860E-03    0.11109E+01   -0.30058E+00
    0.69247E-03    0.11573E+01   -0.31349E+00
    0.72807E-03    0.12054E+01   -0.32687E+00
    0.76551E-03    0.12554E+01   -0.34075E+00
    0.80486E-03    0.13072E+01   -0.35513E+00
    0.84623E-03    0.13609E+01   -0.37004E+00
    0.88972E-03    0.14167E+01   -0.38548E+00
    0.93543E-03    0.14745E+01   -0.40148E+00
    0.98350E-03    0.15343E+01   -0.41804E+00
    0.10340E-02    0.15963E+01   -0.43518E+00
    0.10871E-02    0.16605E+01   -0.45292E+00
    0.11430E-02    0.17270E+01   -0.47127E+00
    0.12017E-02    0.17957E+01   -0.49024E+00
    0.12634E-02    0.18667E+01   -0.50984E+00
    0.13283E-02    0.19402E+01   -0.53009E+00
    0.13965E-02    0.20160E+01   -0.55099E+00
    0.14682E-02    0.20943E+01   -0.57255E+00
    0.15436E-02    0.21750E+01   -0.59479E+00
    0.16228E-02    0.22582E+01   -0.61770E+00
    0.17061E-02    0.23439E+01   -0.64130E+00
    0.17937E-02    0.24322E+01   -0.66558E+00
    0.18858E-02    0.25230E+01   -0.69055E+00
    0.19825E-02    0.26163E+01   -0.71620E+00
    0.20843E-02    0.27120E+01   -0.74253E+00
    0.21913E-02    0.28103E+01   -0.76953E+00
    0.23037E-02    0.29110E+01   -0.79720E+00
    0.24219E-02    0.30141E+01   -0.82551E+00
    0.25462E-02    0.31195E+01   -0.85445E+00
    0.26769E-02    0.32271E+01   -0.88400E+00
    0.28142E-02    0.33369E+01   -0.91413E+00
    0.29586E-02    0.34487E+01   -0.94482E+00
    0.31104E-02    0.35624E+01   -0.97601E+00
    0.32700E-02    0.36779E+01   -0.10077E+01
    0.34377E-02    0.37949E+01   -0.10398E+01
    0.36141E-02    0.39133E+01   -0.10722E+01
    0.37995E-02    0.40329E+01   -0.11050E+01
    0.39944E-02    0.41533E+01   -0.11380E+01
    0.41993E-02    0.42743E+01   -0.11711E+01
    0.44147E-02    0.43957E+01   -0.12043E+01
    0.46411E-02    0.45170E+01   -0.12375E+01
    0.48792E-02    0.46379E+01   -0.12706E+01
    0.51295E-02    0.47580E+01   -0.13034E+01
    0.53926E-02    0.48768E+01   -0.13359E+01
    0.56691E-02    0.49939E+01   -0.13679E+01
    0.59599E-02    0.51087E+01   -0.13993E+01
    0.62656E-02    0.52208E+01   -0.14298E+01
    0.65869E-02    0.53295E+01   -0.14595E+01
    0.69248E-02    0.54342E+01   -0.14880E+01
    0.72799E-02    0.55343E+01   -0.15153E+01
    0.76533E-02    0.56291E+01   -0.15411E+01
    0.80457E-02    0.57179E+01   -0.15652E+01
    0.84584E-02    0.57999E+01   -0.15875E+01
    0.88921E-02    0.58745E+01   -0.16077E+01
    0.93481E-02    0.59409E+01   -0.16257E+01
    0.98275E-02    0.59982E+01   -0.16412E+01
    0.10332E-01    0.60458E+01   -0.16539E+01
    0.10861E-01    0.60828E+01   -0.16638E+01
    0.11418E-01    0.61084E+01   -0.16706E+01
    0.12004E-01    0.61221E+01   -0.16741E+01
    0.12619E-01    0.61229E+01   -0.16740E+01
    0.13266E-01    0.61104E+01   -0.16703E+01
    0.13947E-01    0.60838E+01   -0.16628E+01
    0.14662E-01    0.60428E+01   -0.16513E+01
    0.15414E-01    0.59867E+01   -0.16357E+01
    0.16204E-01    0.59153E+01   -0.16159E+01
    0.17035E-01    0.58283E+01   -0.15918E+01
    0.17909E-01    0.57257E+01   -0.15635E+01
    0.18827E-01    0.56075E+01   -0.15309E+01
    0.19792E-01    0.54737E+01   -0.14942E+01
    0.20807E-01    0.53249E+01   -0.14532E+01
    0.21874E-01    0.51614E+01   -0.14084E+01
    0.22996E-01    0.49840E+01   -0.13597E+01
    0.24175E-01    0.47936E+01   -0.13075E+01
    0.25414E-01    0.45912E+01   -0.12520E+01
    0.26717E-01    0.43780E+01   -0.11937E+01
    0.28087E-01    0.41554E+01   -0.11328E+01
    0.29528E-01    0.39250E+01   -0.10697E+01
    0.31042E-01    0.36884E+01   -0.10051E+01
    0.32633E-01    0.34476E+01   -0.93926E+00
    0.34306E-01    0.32043E+01   -0.87281E+00
    0.36065E-01    0.29605E+01   -0.80625E+00
    0.37915E-01    0.27182E+01   -0.74014E+00
    0.39859E-01    0.24795E+01   -0.67500E+00
    0.41902E-01    0.22462E+01   -0.61136E+00
    0.44051E-01    0.20201E+01   -0.54972E+00
    0.46310E-01    0.18030E+01   -0.49054E+00
    0.48684E-01    0.15964E+01   -0.43424E+00
    0.51180E-01    0.14016E+01   -0.38118E+00
    0.53804E-01    0.12198E+01   -0.33165E+00
    0.56563E-01    0.10517E+01   -0.28589E+00
    0.59463E-01    0.89793E+00   -0.24404E+00
    0.62512E-01    0.75884E+00   -0.20619E+00
    0.65717E-01    0.63441E+00   -0.17234E+00
    0.69087E-01    0.52440E+00   -0.14242E+00
    0.72629E-01    0.42834E+00   -0.11629E+00
    0.76353E-01    0.34552E+00   -0.93781E-01
    0.80268E-01    0.27508E+00   -0.74635E-01
    0.84383E-01    0.21599E+00   -0.58582E-01
    0.88710E-01    0.16716E+00   -0.45318E-01
    0.93258E-01    0.12741E+00   -0.34525E-01
    0.98040E-01    0.95581E-01   -0.25884E-01
    0.10307E+00    0.70512E-01   -0.19081E-01
    0.10835E+00    0.51113E-01   -0.13820E-01
    0.11391E+00    0.36378E-01   -0.98254E-02
    0.11975E+00    0.25398E-01   -0.68507E-02
    0.12589E+00    0.17382E-01   -0.46803E-02
    0.13234E+00    0.11650E-01   -0.31300E-02
    0.13913E+00    0.76421E-02   -0.20472E-02
    0.14626E+00    0.49028E-02   -0.13082E-02
    0.15376E+00    0.30748E-02   -0.81610E-03
    0.16164E+00    0.18847E-02   -0.49661E-03
    0.16993E+00    0.11293E-02   -0.29461E-03
    0.17864E+00    0.66207E-03   -0.17033E-03
    0.18780E+00    0.38047E-03   -0.96008E-04
    0.19743E+00    0.21499E-03   -0.52811E-04
    0.20755E+00    0.12003E-03   -0.28414E-04
    0.21819E+00    0.66654E-04   -0.15015E-04
    0.22938E+00    0.37116E-04   -0.78417E-05
    0.24114E+00    0.20903E-04   -0.40839E-05
    0.25351E+00    0.11985E-04   -0.21437E-05
    0.26650E+00    0.70153E-05   -0.11463E-05
    0.28017E+00    0.41818E-05   -0.62892E-06
    0.29453E+00    0.25214E-05   -0.35429E-06
    0.30963E+00    0.15238E-05   -0.20370E-06
    0.32551E+00    0.91468E-06   -0.11829E-06
    0.34220E+00    0.54091E-06   -0.68559E-07
    0.35974E+00    0.31318E-06   -0.39265E-07
    0.37819E+00    0.17661E-06   -0.22024E-07
    0.39758E+00    0.96668E-07   -0.12034E-07
    0.41796E+00    0.51184E-07   -0.63723E-08
    0.43939E+00    0.26152E-07   -0.32596E-08
    0.46192E+00    0.12863E-07   -0.16058E-08
    0.48560E+00    0.60766E-08   -0.76009E-09
    0.51050E+00    0.27512E-08   -0.34496E-09
    0.53667E+00    0.11965E-08   -0.14822E-09
    0.56419E+00    0.48062E-09   -0.57553E-10
    0.59312E+00    0.18665E-09   -0.22492E-10
