    0.00000E+00    0.00000E+00    0.00000E+00
    0.10254E-06    0.88141E-13   -0.27601E-16
    0.21034E-06    0.37087E-12   -0.23823E-15
    0.32367E-06    0.88968E-12    0.15617E-13
    0.44281E-06    0.16803E-11    0.45828E-13
    0.56805E-06    0.27808E-11    0.61844E-13
    0.69972E-06    0.42362E-11   -0.49002E-13
    0.83814E-06    0.60961E-11    0.55788E-13
    0.98365E-06    0.84167E-11   -0.42044E-13
    0.11366E-05    0.11260E-10    0.17080E-13
    0.12974E-05    0.14696E-10   -0.40855E-13
    0.14665E-05    0.18802E-10   -0.13636E-13
    0.16442E-05    0.23665E-10   -0.59888E-13
    0.18311E-05    0.29382E-10   -0.53093E-13
    0.20275E-05    0.36060E-10   -0.96918E-13
    0.22340E-05    0.43819E-10   -0.11338E-12
    0.24511E-05    0.52793E-10   -0.16225E-12
    0.26793E-05    0.63131E-10   -0.20461E-12
    0.29192E-05    0.74997E-10   -0.27046E-12
    0.31714E-05    0.88577E-10   -0.34366E-12
    0.34366E-05    0.10407E-09   -0.44020E-12
    0.37153E-05    0.12171E-09   -0.55496E-12
    0.40083E-05    0.14175E-09   -0.69853E-12
    0.43164E-05    0.16447E-09   -0.87199E-12
    0.46402E-05    0.19017E-09   -0.10844E-11
    0.49807E-05    0.21921E-09   -0.13413E-11
    0.53386E-05    0.25197E-09   -0.16526E-11
    0.57149E-05    0.28887E-09   -0.20279E-11
    0.61104E-05    0.33039E-09   -0.24798E-11
    0.65262E-05    0.37705E-09   -0.30223E-11
    0.69634E-05    0.42944E-09   -0.36725E-11
    0.74229E-05    0.48819E-09   -0.44500E-11
    0.79061E-05    0.55402E-09   -0.53783E-11
    0.84140E-05    0.62772E-09   -0.64847E-11
    0.89479E-05    0.71018E-09   -0.78012E-11
    0.95092E-05    0.80235E-09   -0.93656E-11
    0.10099E-04    0.90533E-09   -0.11222E-10
    0.10720E-04    0.10203E-08   -0.13422E-10
    0.11372E-04    0.11486E-08   -0.16026E-10
    0.12057E-04    0.12916E-08   -0.19106E-10
    0.12778E-04    0.14511E-08   -0.22743E-10
    0.13536E-04    0.16287E-08   -0.27035E-10
    0.14332E-04    0.18265E-08   -0.32095E-10
    0.15170E-04    0.20467E-08   -0.38055E-10
    0.16050E-04    0.22917E-08   -0.45069E-10
    0.16975E-04    0.25641E-08   -0.53317E-10
    0.17948E-04    0.28670E-08   -0.63007E-10
    0.18971E-04    0.32037E-08   -0.74385E-10
    0.20046E-04    0.35777E-08   -0.87734E-10
    0.21177E-04    0.39931E-08   -0.10338E-09
    0.22365E-04    0.44544E-08   -0.12172E-09
    0.23614E-04    0.49663E-08   -0.14319E-09
    0.24927E-04    0.55344E-08   -0.16831E-09
    0.26308E-04    0.61647E-08   -0.19768E-09
    0.27759E-04    0.68637E-08   -0.23200E-09
    0.29285E-04    0.76388E-08   -0.27208E-09
    0.30889E-04    0.84979E-08   -0.31884E-09
    0.32576E-04    0.94500E-08   -0.37338E-09
    0.34348E-04    0.10505E-07   -0.43694E-09
    0.36212E-04    0.11673E-07   -0.51095E-09
    0.38171E-04    0.12967E-07   -0.59707E-09
    0.40231E-04    0.14400E-07   -0.69720E-09
    0.42396E-04    0.15986E-07   -0.81353E-09
    0.44672E-04    0.17740E-07   -0.94855E-09
    0.47065E-04    0.19682E-07   -0.11051E-08
    0.49581E-04    0.21829E-07   -0.12865E-08
    0.52225E-04    0.24203E-07   -0.14964E-08
    0.55005E-04    0.26827E-07   -0.17389E-08
    0.57928E-04    0.29727E-07   -0.20189E-08
    0.61001E-04    0.32931E-07   -0.23416E-08
    0.64231E-04    0.36470E-07   -0.27129E-08
    0.67627E-04    0.40378E-07   -0.31395E-08
    0.71196E-04    0.44692E-07   -0.36285E-08
    0.74949E-04    0.49453E-07   -0.41880E-08
    0.78895E-04    0.54706E-07   -0.48264E-08
    0.83042E-04    0.60499E-07   -0.55530E-08
    0.87402E-04    0.66888E-07   -0.63773E-08
    0.91986E-04    0.73931E-07   -0.73093E-08
    0.96805E-04    0.81694E-07   -0.83588E-08
    0.10187E-03    0.90250E-07   -0.95357E-08
    0.10720E-03    0.99677E-07   -0.10849E-07
    0.11279E-03    0.11006E-06   -0.12308E-07
    0.11868E-03    0.12151E-06   -0.13920E-07
    0.12487E-03    0.13412E-06   -0.15695E-07
    0.13137E-03    0.14801E-06   -0.17642E-07
    0.13821E-03    0.16331E-06   -0.19773E-07
    0.14540E-03    0.18017E-06   -0.22103E-07
    0.15296E-03    0.19875E-06   -0.24651E-07
    0.16090E-03    0.21922E-06   -0.27437E-07
    0.16925E-03    0.24177E-06   -0.30488E-07
    0.17803E-03    0.26661E-06   -0.33829E-07
    0.18726E-03    0.29398E-06   -0.37494E-07
    0.19697E-03    0.32413E-06   -0.41514E-07
    0.20717E-03    0.35734E-06   -0.45930E-07
    0.21789E-03    0.39392E-06   -0.50780E-07
    0.22917E-03    0.43422E-06   -0.56112E-07
    0.24102E-03    0.47860E-06   -0.61975E-07
    0.25348E-03    0.52748E-06   -0.68425E-07
    0.26658E-03    0.58131E-06   -0.75520E-07
    0.28035E-03    0.64059E-06   -0.83328E-07
    0.29483E-03    0.70587E-06   -0.91922E-07
    0.31004E-03    0.77776E-06   -0.10138E-06
    0.32604E-03    0.85690E-06   -0.11179E-06
    0.34286E-03    0.94404E-06   -0.12326E-06
    0.36054E-03    0.10400E-05   -0.13588E-06
    0.37913E-03    0.11456E-05   -0.14977E-06
    0.39867E-03    0.12618E-05   -0.16507E-06
    0.41922E-03    0.13898E-05   -0.18191E-06
    0.44081E-03    0.15306E-05   -0.20045E-06
    0.46352E-03    0.16856E-05   -0.22086E-06
    0.48738E-03    0.18562E-05   -0.24333E-06
    0.51248E-03    0.20439E-05   -0.26807E-06
    0.53885E-03    0.22504E-05   -0.29530E-06
    0.56658E-03    0.24775E-05   -0.32527E-06
    0.59573E-03    0.27274E-05   -0.35825E-06
    0.62638E-03    0.30023E-05   -0.39455E-06
    0.65860E-03    0.33047E-05   -0.43450E-06
    0.69247E-03    0.36372E-05   -0.47846E-06
    0.72807E-03    0.40028E-05   -0.52682E-06
    0.76551E-03    0.44048E-05   -0.58003E-06
    0.80486E-03    0.48467E-05   -0.63855E-06
    0.84623E-03    0.53325E-05   -0.70293E-06
    0.88972E-03    0.58664E-05   -0.77373E-06
    0.93543E-03    0.64532E-05   -0.85158E-06
    0.98350E-03    0.70979E-05   -0.93717E-06
    0.10340E-02    0.78062E-05   -0.10313E-05
    0.10871E-02    0.85842E-05   -0.11347E-05
    0.11430E-02    0.94387E-05   -0.12484E-05
    0.12017E-02    0.10377E-04   -0.13733E-05
    0.12634E-02    0.11407E-04   -0.15105E-05
    0.13283E-02    0.12538E-04   -0.16612E-05
    0.13965E-02    0.13779E-04   -0.18267E-05
    0.14682E-02    0.15140E-04   -0.20084E-05
    0.15436E-02    0.16634E-04   -0.22078E-05
    0.16228E-02    0.18272E-04   -0.24267E-05
    0.17061E-02    0.20068E-04   -0.26668E-05
    0.17937E-02    0.22037E-04   -0.29302E-05
    0.18858E-02    0.24195E-04   -0.32190E-05
    0.19825E-02    0.26560E-04   -0.35355E-05
    0.20843E-02    0.29149E-04   -0.38824E-05
    0.21913E-02    0.31985E-04   -0.42623E-05
    0.23037E-02    0.35089E-04   -0.46783E-05
    0.24219E-02    0.38485E-04   -0.51337E-05
    0.25462E-02    0.42200E-04   -0.56320E-05
    0.26769E-02    0.46263E-04   -0.61769E-05
    0.28142E-02    0.50704E-04   -0.67725E-05
    0.29586E-02    0.55556E-04   -0.74233E-05
    0.31104E-02    0.60855E-04   -0.81341E-05
    0.32700E-02    0.66640E-04   -0.89098E-05
    0.34377E-02    0.72952E-04   -0.97560E-05
    0.36141E-02    0.79836E-04   -0.10679E-04
    0.37995E-02    0.87340E-04   -0.11684E-04
    0.39944E-02    0.95516E-04   -0.12778E-04
    0.41993E-02    0.10442E-03   -0.13969E-04
    0.44147E-02    0.11410E-03   -0.15264E-04
    0.46411E-02    0.12464E-03   -0.16670E-04
    0.48792E-02    0.13609E-03   -0.18198E-04
    0.51295E-02    0.14853E-03   -0.19854E-04
    0.53926E-02    0.16202E-03   -0.21649E-04
    0.56691E-02    0.17666E-03   -0.23593E-04
    0.59599E-02    0.19252E-03   -0.25696E-04
    0.62656E-02    0.20969E-03   -0.27968E-04
    0.65869E-02    0.22826E-03   -0.30422E-04
    0.69248E-02    0.24834E-03   -0.33068E-04
    0.72799E-02    0.27001E-03   -0.35919E-04
    0.76533E-02    0.29339E-03   -0.38987E-04
    0.80457E-02    0.31858E-03   -0.42285E-04
    0.84584E-02    0.34569E-03   -0.45826E-04
    0.88921E-02    0.37483E-03   -0.49623E-04
    0.93481E-02    0.40611E-03   -0.53690E-04
    0.98275E-02    0.43965E-03   -0.58039E-04
    0.10332E-01    0.47556E-03   -0.62685E-04
    0.10861E-01    0.51394E-03   -0.67641E-04
    0.11418E-01    0.55491E-03   -0.72921E-04
    0.12004E-01    0.59856E-03   -0.78536E-04
    0.12619E-01    0.64499E-03   -0.84500E-04
    0.13266E-01    0.69427E-03   -0.90823E-04
    0.13947E-01    0.74648E-03   -0.97519E-04
    0.14662E-01    0.80166E-03   -0.10459E-03
    0.15414E-01    0.85984E-03   -0.11206E-03
    0.16204E-01    0.92103E-03   -0.11992E-03
    0.17035E-01    0.98521E-03   -0.12818E-03
    0.17909E-01    0.10523E-02   -0.13685E-03
    0.18827E-01    0.11222E-02   -0.14592E-03
    0.19792E-01    0.11949E-02   -0.15538E-03
    0.20807E-01    0.12700E-02   -0.16524E-03
    0.21874E-01    0.13473E-02   -0.17546E-03
    0.22996E-01    0.14265E-02   -0.18605E-03
    0.24175E-01    0.15073E-02   -0.19696E-03
    0.25414E-01    0.15890E-02   -0.20816E-03
    0.26717E-01    0.16713E-02   -0.21962E-03
    0.28087E-01    0.17533E-02   -0.23127E-03
    0.29528E-01    0.18344E-02   -0.24307E-03
    0.31042E-01    0.19136E-02   -0.25493E-03
    0.32633E-01    0.19900E-02   -0.26677E-03
    0.34306E-01    0.20625E-02   -0.27851E-03
    0.36065E-01    0.21299E-02   -0.29004E-03
    0.37915E-01    0.21908E-02   -0.30124E-03
    0.39859E-01    0.22437E-02   -0.31201E-03
    0.41902E-01    0.22872E-02   -0.32219E-03
    0.44051E-01    0.23196E-02   -0.33168E-03
    0.46310E-01    0.23390E-02   -0.34031E-03
    0.48684E-01    0.23437E-02   -0.34796E-03
    0.51180E-01    0.23317E-02   -0.35448E-03
    0.53804E-01    0.23011E-02   -0.35971E-03
    0.56563E-01    0.22499E-02   -0.36353E-03
    0.59463E-01    0.21762E-02   -0.36577E-03
    0.62512E-01    0.20780E-02   -0.36630E-03
    0.65717E-01    0.19535E-02   -0.36496E-03
    0.69087E-01    0.18010E-02   -0.36162E-03
    0.72629E-01    0.16191E-02   -0.35612E-03
    0.76353E-01    0.14067E-02   -0.34832E-03
    0.80268E-01    0.11630E-02   -0.33810E-03
    0.84383E-01    0.88783E-03   -0.32533E-03
    0.88710E-01    0.58147E-03   -0.30992E-03
    0.93258E-01    0.24496E-03   -0.29180E-03
    0.98040E-01   -0.11989E-03   -0.27096E-03
    0.10307E+00   -0.51040E-03   -0.24744E-03
    0.10835E+00   -0.92297E-03   -0.22134E-03
    0.11391E+00   -0.13530E-02   -0.19284E-03
    0.11975E+00   -0.17951E-02   -0.16218E-03
    0.12589E+00   -0.22425E-02   -0.12966E-03
    0.13234E+00   -0.26879E-02   -0.95628E-04
    0.13913E+00   -0.31228E-02   -0.60476E-04
    0.14626E+00   -0.35378E-02   -0.24599E-04
    0.15376E+00   -0.39228E-02    0.11612E-04
    0.16164E+00   -0.42664E-02    0.47781E-04
    0.16993E+00   -0.45564E-02    0.83550E-04
    0.17864E+00   -0.47797E-02    0.11857E-03
    0.18780E+00   -0.49223E-02    0.15246E-03
    0.19743E+00   -0.49694E-02    0.18483E-03
    0.20755E+00   -0.49058E-02    0.21518E-03
    0.21819E+00   -0.47163E-02    0.24294E-03
    0.22938E+00   -0.43865E-02    0.26744E-03
    0.24114E+00   -0.39035E-02    0.28794E-03
    0.25351E+00   -0.32571E-02    0.30366E-03
    0.26650E+00   -0.24403E-02    0.31387E-03
    0.28017E+00   -0.14505E-02    0.31794E-03
    0.29453E+00   -0.28998E-03    0.31544E-03
    0.30963E+00    0.10337E-02    0.30618E-03
    0.32551E+00    0.25077E-02    0.29019E-03
    0.34220E+00    0.41136E-02    0.26773E-03
    0.35974E+00    0.58275E-02    0.23916E-03
    0.37819E+00    0.76197E-02    0.20489E-03
    0.39758E+00    0.94534E-02    0.16524E-03
    0.41796E+00    0.11284E-01    0.12038E-03
    0.43939E+00    0.13055E-01    0.70307E-04
    0.46192E+00    0.14699E-01    0.14913E-04
    0.48560E+00    0.16132E-01   -0.45905E-04
    0.51050E+00    0.17252E-01   -0.11205E-03
    0.53667E+00    0.17941E-01   -0.18300E-03
    0.56419E+00    0.18065E-01   -0.25763E-03
    0.59312E+00    0.17480E-01   -0.33406E-03
    0.62352E+00    0.16039E-01   -0.40963E-03
    0.65549E+00    0.13601E-01   -0.48093E-03
    0.68910E+00    0.10044E-01   -0.54399E-03
    0.72443E+00    0.52786E-02   -0.59459E-03
    0.76158E+00   -0.73689E-03   -0.62857E-03
    0.80062E+00   -0.79867E-02   -0.64220E-03
    0.84167E+00   -0.16386E-01   -0.63250E-03
    0.88482E+00   -0.25773E-01   -0.59753E-03
    0.93019E+00   -0.35907E-01   -0.53657E-03
    0.97788E+00   -0.46467E-01   -0.45018E-03
    0.10280E+01   -0.57061E-01   -0.34019E-03
    0.10807E+01   -0.67225E-01   -0.20958E-03
    0.11361E+01   -0.76446E-01   -0.62315E-04
    0.11944E+01   -0.84167E-01    0.96876E-04
    0.12556E+01   -0.89809E-01    0.26271E-03
    0.13200E+01   -0.92787E-01    0.42959E-03
    0.13877E+01   -0.92532E-01    0.59178E-03
    0.14588E+01   -0.88513E-01    0.74367E-03
    0.15336E+01   -0.80258E-01    0.87988E-03
    0.16123E+01   -0.67380E-01    0.99547E-03
    0.16949E+01   -0.49600E-01    0.10861E-02
    0.17818E+01   -0.26767E-01    0.11481E-02
    0.18732E+01    0.11207E-02    0.11787E-02
    0.19692E+01    0.33899E-01    0.11763E-02
    0.20702E+01    0.71228E-01    0.11400E-02
    0.21763E+01    0.11259E+00    0.10705E-02
    0.22879E+01    0.15727E+00    0.96924E-03
    0.24052E+01    0.20441E+00    0.83912E-03
    0.25285E+01    0.25300E+00    0.68394E-03
    0.26582E+01    0.30189E+00    0.50847E-03
    0.27945E+01    0.34987E+00    0.31825E-03
    0.29377E+01    0.39568E+00    0.11933E-03
    0.30883E+01    0.43806E+00   -0.81963E-04
    0.32467E+01    0.47583E+00   -0.27929E-03
    0.34132E+01    0.50792E+00   -0.46658E-03
    0.35881E+01    0.53339E+00   -0.63831E-03
    0.37721E+01    0.55153E+00   -0.78973E-03
    0.39655E+01    0.56187E+00   -0.91704E-03
    0.41688E+01    0.56417E+00   -0.10175E-02
    0.43826E+01    0.55849E+00   -0.10897E-02
    0.46073E+01    0.54514E+00   -0.11331E-02
    0.48435E+01    0.52471E+00   -0.11485E-02
    0.50918E+01    0.49798E+00   -0.11378E-02
    0.53529E+01    0.46595E+00   -0.11036E-02
    0.56273E+01    0.42975E+00   -0.10492E-02
    0.59159E+01    0.39060E+00   -0.97844E-03
    0.62192E+01    0.34974E+00   -0.89554E-03
    0.65380E+01    0.30839E+00   -0.80461E-03
    0.68732E+01    0.26768E+00   -0.70970E-03
    0.72256E+01    0.22862E+00   -0.61449E-03
    0.75961E+01    0.19202E+00   -0.52218E-03
    0.79856E+01    0.15853E+00   -0.43539E-03
    0.83950E+01    0.12858E+00   -0.35606E-03
    0.88254E+01    0.10238E+00   -0.28548E-03
    0.92779E+01    0.79990E-01   -0.22429E-03
    0.97536E+01    0.61277E-01   -0.17259E-03
    0.10254E+02    0.45994E-01   -0.12999E-03
    0.10779E+02    0.33801E-01   -0.95770E-04
    0.11332E+02    0.24302E-01   -0.68968E-04
    0.11913E+02    0.17079E-01   -0.48513E-04
    0.12524E+02    0.11724E-01   -0.33305E-04
    0.13166E+02    0.78525E-02   -0.22296E-04
    0.13841E+02    0.51275E-02   -0.14543E-04
    0.14551E+02    0.32607E-02   -0.92335E-05
    0.15297E+02    0.20171E-02   -0.57012E-05
    0.16081E+02    0.12124E-02   -0.34199E-05
    0.16905E+02    0.70679E-03   -0.19910E-05
    0.17772E+02    0.39881E-03   -0.11236E-05
    0.18683E+02    0.21704E-03   -0.61386E-06
    0.19641E+02    0.11322E-03   -0.32407E-06
    0.20648E+02    0.55915E-04   -0.16485E-06
    0.21707E+02    0.25412E-04   -0.80384E-07
    0.22820E+02    0.98195E-05   -0.37159E-07
    0.23990E+02    0.22359E-05   -0.15858E-07
    0.25220E+02   -0.11952E-05   -0.57879E-08
    0.26513E+02   -0.25478E-05   -0.12618E-08
    0.27872E+02   -0.28986E-05    0.62290E-09
    0.29301E+02   -0.27888E-05    0.12933E-08
    0.30804E+02   -0.24849E-05    0.14249E-08
    0.32383E+02   -0.21154E-05    0.13306E-08
    0.34043E+02   -0.17430E-05    0.11513E-08
    0.35789E+02   -0.13975E-05    0.95113E-09
    0.37624E+02   -0.10928E-05    0.75915E-09
    0.39553E+02   -0.83399E-06    0.58822E-09
    0.41581E+02   -0.62119E-06    0.44332E-09
    0.43713E+02   -0.45136E-06    0.32517E-09
    0.45954E+02   -0.31972E-06    0.23210E-09
    0.48310E+02   -0.22060E-06    0.16115E-09
    0.50787E+02   -0.14812E-06    0.10875E-09
    0.53391E+02   -0.96687E-07    0.71282E-10
    0.56128E+02   -0.61282E-07    0.45329E-10
    0.59006E+02   -0.37668E-07    0.27935E-10
    0.62031E+02   -0.22424E-07    0.16663E-10
    0.65212E+02   -0.12909E-07    0.96071E-11
    0.68555E+02   -0.71767E-08    0.53446E-11
    0.72070E+02   -0.38458E-08    0.28674E-11
    0.75765E+02   -0.19856E-08    0.14731E-11
    0.79650E+02   -0.98081E-09    0.71699E-12
    0.83733E+02   -0.46566E-09    0.34194E-12
    0.88026E+02   -0.18352E-09    0.12957E-12
