    0.00000E+00    0.00000E+00    0.00000E+00
    0.10254E-06    0.83593E-06   -0.26704E-09
    0.21034E-06    0.17147E-05   -0.11236E-08
    0.32367E-06    0.26386E-05   -0.19423E-08
    0.44281E-06    0.36098E-05   -0.34579E-08
    0.56805E-06    0.46308E-05   -0.55592E-08
    0.69972E-06    0.57042E-05   -0.83555E-08
    0.83814E-06    0.68325E-05   -0.11937E-07
    0.98365E-06    0.80188E-05   -0.16400E-07
    0.11366E-05    0.92658E-05   -0.21869E-07
    0.12974E-05    0.10577E-04   -0.28470E-07
    0.14665E-05    0.11955E-04   -0.36354E-07
    0.16442E-05    0.13404E-04   -0.45683E-07
    0.18311E-05    0.14927E-04   -0.56642E-07
    0.20275E-05    0.16528E-04   -0.69434E-07
    0.22340E-05    0.18211E-04   -0.84287E-07
    0.24511E-05    0.19981E-04   -0.10145E-06
    0.26793E-05    0.21841E-04   -0.12121E-06
    0.29192E-05    0.23796E-04   -0.14388E-06
    0.31714E-05    0.25852E-04   -0.16981E-06
    0.34366E-05    0.28013E-04   -0.19938E-06
    0.37153E-05    0.30285E-04   -0.23302E-06
    0.40083E-05    0.32673E-04   -0.27121E-06
    0.43164E-05    0.35183E-04   -0.31448E-06
    0.46402E-05    0.37822E-04   -0.36342E-06
    0.49807E-05    0.40596E-04   -0.41868E-06
    0.53386E-05    0.43513E-04   -0.48098E-06
    0.57149E-05    0.46578E-04   -0.55112E-06
    0.61104E-05    0.49800E-04   -0.63000E-06
    0.65262E-05    0.53187E-04   -0.71859E-06
    0.69634E-05    0.56748E-04   -0.81799E-06
    0.74229E-05    0.60490E-04   -0.92941E-06
    0.79061E-05    0.64424E-04   -0.10542E-05
    0.84140E-05    0.68559E-04   -0.11938E-05
    0.89479E-05    0.72905E-04   -0.13499E-05
    0.95092E-05    0.77473E-04   -0.15243E-05
    0.10099E-04    0.82274E-04   -0.17190E-05
    0.10720E-04    0.87321E-04   -0.19362E-05
    0.11372E-04    0.92624E-04   -0.21783E-05
    0.12057E-04    0.98198E-04   -0.24482E-05
    0.12778E-04    0.10405E-03   -0.27488E-05
    0.13536E-04    0.11021E-03   -0.30833E-05
    0.14332E-04    0.11668E-03   -0.34555E-05
    0.15170E-04    0.12348E-03   -0.38693E-05
    0.16050E-04    0.13062E-03   -0.43292E-05
    0.16975E-04    0.13812E-03   -0.48402E-05
    0.17948E-04    0.14600E-03   -0.54076E-05
    0.18971E-04    0.15428E-03   -0.60373E-05
    0.20046E-04    0.16298E-03   -0.67359E-05
    0.21177E-04    0.17212E-03   -0.75106E-05
    0.22365E-04    0.18172E-03   -0.83693E-05
    0.23614E-04    0.19179E-03   -0.93206E-05
    0.24927E-04    0.20237E-03   -0.10374E-04
    0.26308E-04    0.21348E-03   -0.11540E-04
    0.27759E-04    0.22515E-03   -0.12830E-04
    0.29285E-04    0.23739E-03   -0.14257E-04
    0.30889E-04    0.25023E-03   -0.15834E-04
    0.32576E-04    0.26371E-03   -0.17576E-04
    0.34348E-04    0.27785E-03   -0.19498E-04
    0.36212E-04    0.29267E-03   -0.21620E-04
    0.38171E-04    0.30822E-03   -0.23959E-04
    0.40231E-04    0.32452E-03   -0.26536E-04
    0.42396E-04    0.34159E-03   -0.29373E-04
    0.44672E-04    0.35949E-03   -0.32494E-04
    0.47065E-04    0.37822E-03   -0.35924E-04
    0.49581E-04    0.39784E-03   -0.39690E-04
    0.52225E-04    0.41837E-03   -0.43821E-04
    0.55005E-04    0.43984E-03   -0.48345E-04
    0.57928E-04    0.46230E-03   -0.53296E-04
    0.61001E-04    0.48576E-03   -0.58703E-04
    0.64231E-04    0.51028E-03   -0.64601E-04
    0.67627E-04    0.53587E-03   -0.71022E-04
    0.71196E-04    0.56258E-03   -0.77998E-04
    0.74949E-04    0.59044E-03   -0.85561E-04
    0.78895E-04    0.61948E-03   -0.93739E-04
    0.83042E-04    0.64974E-03   -0.10256E-03
    0.87402E-04    0.68125E-03   -0.11203E-03
    0.91986E-04    0.71405E-03   -0.12218E-03
    0.96805E-04    0.74818E-03   -0.13301E-03
    0.10187E-03    0.78368E-03   -0.14450E-03
    0.10720E-03    0.82061E-03   -0.15665E-03
    0.11279E-03    0.85902E-03   -0.16941E-03
    0.11868E-03    0.89898E-03   -0.18275E-03
    0.12487E-03    0.94054E-03   -0.19663E-03
    0.13137E-03    0.98379E-03   -0.21101E-03
    0.13821E-03    0.10288E-02   -0.22586E-03
    0.14540E-03    0.10757E-02   -0.24118E-03
    0.15296E-03    0.11245E-02   -0.25697E-03
    0.16090E-03    0.11752E-02   -0.27324E-03
    0.16925E-03    0.12281E-02   -0.29001E-03
    0.17803E-03    0.12832E-02   -0.30730E-03
    0.18726E-03    0.13406E-02   -0.32515E-03
    0.19697E-03    0.14003E-02   -0.34357E-03
    0.20717E-03    0.14625E-02   -0.36261E-03
    0.21789E-03    0.15272E-02   -0.38230E-03
    0.22917E-03    0.15946E-02   -0.40266E-03
    0.24102E-03    0.16648E-02   -0.42374E-03
    0.25348E-03    0.17379E-02   -0.44556E-03
    0.26658E-03    0.18140E-02   -0.46817E-03
    0.28035E-03    0.18932E-02   -0.49161E-03
    0.29483E-03    0.19757E-02   -0.51590E-03
    0.31004E-03    0.20615E-02   -0.54109E-03
    0.32604E-03    0.21508E-02   -0.56723E-03
    0.34286E-03    0.22438E-02   -0.59435E-03
    0.36054E-03    0.23405E-02   -0.62249E-03
    0.37913E-03    0.24411E-02   -0.65171E-03
    0.39867E-03    0.25457E-02   -0.68204E-03
    0.41922E-03    0.26545E-02   -0.71353E-03
    0.44081E-03    0.27677E-02   -0.74624E-03
    0.46352E-03    0.28854E-02   -0.78021E-03
    0.48738E-03    0.30077E-02   -0.81549E-03
    0.51248E-03    0.31348E-02   -0.85213E-03
    0.53885E-03    0.32669E-02   -0.89019E-03
    0.56658E-03    0.34041E-02   -0.92972E-03
    0.59573E-03    0.35466E-02   -0.97077E-03
    0.62638E-03    0.36945E-02   -0.10134E-02
    0.65860E-03    0.38481E-02   -0.10577E-02
    0.69247E-03    0.40074E-02   -0.11037E-02
    0.72807E-03    0.41727E-02   -0.11514E-02
    0.76551E-03    0.43442E-02   -0.12010E-02
    0.80486E-03    0.45219E-02   -0.12524E-02
    0.84623E-03    0.47060E-02   -0.13058E-02
    0.88972E-03    0.48968E-02   -0.13612E-02
    0.93543E-03    0.50943E-02   -0.14187E-02
    0.98350E-03    0.52987E-02   -0.14783E-02
    0.10340E-02    0.55102E-02   -0.15401E-02
    0.10871E-02    0.57288E-02   -0.16041E-02
    0.11430E-02    0.59547E-02   -0.16705E-02
    0.12017E-02    0.61881E-02   -0.17393E-02
    0.12634E-02    0.64289E-02   -0.18105E-02
    0.13283E-02    0.66773E-02   -0.18843E-02
    0.13965E-02    0.69334E-02   -0.19605E-02
    0.14682E-02    0.71971E-02   -0.20395E-02
    0.15436E-02    0.74686E-02   -0.21210E-02
    0.16228E-02    0.77477E-02   -0.22053E-02
    0.17061E-02    0.80345E-02   -0.22924E-02
    0.17937E-02    0.83288E-02   -0.23823E-02
    0.18858E-02    0.86306E-02   -0.24750E-02
    0.19825E-02    0.89396E-02   -0.25705E-02
    0.20843E-02    0.92558E-02   -0.26690E-02
    0.21913E-02    0.95787E-02   -0.27704E-02
    0.23037E-02    0.99082E-02   -0.28746E-02
    0.24219E-02    0.10244E-01   -0.29818E-02
    0.25462E-02    0.10585E-01   -0.30918E-02
    0.26769E-02    0.10932E-01   -0.32047E-02
    0.28142E-02    0.11283E-01   -0.33204E-02
    0.29586E-02    0.11637E-01   -0.34389E-02
    0.31104E-02    0.11995E-01   -0.35600E-02
    0.32700E-02    0.12355E-01   -0.36837E-02
    0.34377E-02    0.12716E-01   -0.38098E-02
    0.36141E-02    0.13078E-01   -0.39383E-02
    0.37995E-02    0.13438E-01   -0.40689E-02
    0.39944E-02    0.13795E-01   -0.42015E-02
    0.41993E-02    0.14148E-01   -0.43358E-02
    0.44147E-02    0.14495E-01   -0.44715E-02
    0.46411E-02    0.14834E-01   -0.46085E-02
    0.48792E-02    0.15163E-01   -0.47464E-02
    0.51295E-02    0.15480E-01   -0.48848E-02
    0.53926E-02    0.15782E-01   -0.50233E-02
    0.56691E-02    0.16067E-01   -0.51615E-02
    0.59599E-02    0.16332E-01   -0.52989E-02
    0.62656E-02    0.16573E-01   -0.54349E-02
    0.65869E-02    0.16788E-01   -0.55690E-02
    0.69248E-02    0.16973E-01   -0.57006E-02
    0.72799E-02    0.17124E-01   -0.58288E-02
    0.76533E-02    0.17237E-01   -0.59531E-02
    0.80457E-02    0.17308E-01   -0.60725E-02
    0.84584E-02    0.17332E-01   -0.61863E-02
    0.88921E-02    0.17306E-01   -0.62934E-02
    0.93481E-02    0.17223E-01   -0.63930E-02
    0.98275E-02    0.17080E-01   -0.64839E-02
    0.10332E-01    0.16872E-01   -0.65651E-02
    0.10861E-01    0.16593E-01   -0.66355E-02
    0.11418E-01    0.16238E-01   -0.66938E-02
    0.12004E-01    0.15802E-01   -0.67389E-02
    0.12619E-01    0.15280E-01   -0.67693E-02
    0.13266E-01    0.14667E-01   -0.67840E-02
    0.13947E-01    0.13959E-01   -0.67815E-02
    0.14662E-01    0.13151E-01   -0.67604E-02
    0.15414E-01    0.12241E-01   -0.67196E-02
    0.16204E-01    0.11223E-01   -0.66577E-02
    0.17035E-01    0.10097E-01   -0.65734E-02
    0.17909E-01    0.88610E-02   -0.64656E-02
    0.18827E-01    0.75138E-02   -0.63330E-02
    0.19792E-01    0.60563E-02   -0.61749E-02
    0.20807E-01    0.44907E-02   -0.59901E-02
    0.21874E-01    0.28207E-02   -0.57782E-02
    0.22996E-01    0.10518E-02   -0.55384E-02
    0.24175E-01   -0.80861E-03   -0.52706E-02
    0.25414E-01   -0.27509E-02   -0.49747E-02
    0.26717E-01   -0.47632E-02   -0.46510E-02
    0.28087E-01   -0.68308E-02   -0.43001E-02
    0.29528E-01   -0.89367E-02   -0.39230E-02
    0.31042E-01   -0.11061E-01   -0.35210E-02
    0.32633E-01   -0.13180E-01   -0.30959E-02
    0.34306E-01   -0.15270E-01   -0.26500E-02
    0.36065E-01   -0.17300E-01   -0.21861E-02
    0.37915E-01   -0.19241E-01   -0.17072E-02
    0.39859E-01   -0.21057E-01   -0.12172E-02
    0.41902E-01   -0.22713E-01   -0.72025E-03
    0.44051E-01   -0.24171E-01   -0.22103E-03
    0.46310E-01   -0.25392E-01    0.27532E-03
    0.48684E-01   -0.26336E-01    0.76326E-03
    0.51180E-01   -0.26964E-01    0.12369E-02
    0.53804E-01   -0.27236E-01    0.16901E-02
    0.56563E-01   -0.27118E-01    0.21165E-02
    0.59463E-01   -0.26576E-01    0.25097E-02
    0.62512E-01   -0.25583E-01    0.28633E-02
    0.65717E-01   -0.24117E-01    0.31712E-02
    0.69087E-01   -0.22164E-01    0.34275E-02
    0.72629E-01   -0.19721E-01    0.36270E-02
    0.76353E-01   -0.16793E-01    0.37650E-02
    0.80268E-01   -0.13399E-01    0.38378E-02
    0.84383E-01   -0.95712E-02    0.38427E-02
    0.88710E-01   -0.53574E-02    0.37783E-02
    0.93258E-01   -0.81943E-03    0.36443E-02
    0.98040E-01    0.39648E-02    0.34421E-02
    0.10307E+00    0.89018E-02    0.31748E-02
    0.10835E+00    0.13884E-01    0.28469E-02
    0.11391E+00    0.18789E-01    0.24647E-02
    0.11975E+00    0.23485E-01    0.20361E-02
    0.12589E+00    0.27831E-01    0.15705E-02
    0.13234E+00    0.31682E-01    0.10786E-02
    0.13913E+00    0.34893E-01    0.57225E-03
    0.14626E+00    0.37324E-01    0.63981E-04
    0.15376E+00    0.38843E-01   -0.43313E-03
    0.16164E+00    0.39337E-01   -0.90600E-03
    0.16993E+00    0.38713E-01   -0.13419E-02
    0.17864E+00    0.36909E-01   -0.17290E-02
    0.18780E+00    0.33894E-01   -0.20566E-02
    0.19743E+00    0.29675E-01   -0.23158E-02
    0.20755E+00    0.24303E-01   -0.24994E-02
    0.21819E+00    0.17873E-01   -0.26029E-02
    0.22938E+00    0.10525E-01   -0.26241E-02
    0.24114E+00    0.24447E-02   -0.25635E-02
    0.25351E+00   -0.61407E-02   -0.24246E-02
    0.26650E+00   -0.14968E-01   -0.22134E-02
    0.28017E+00   -0.23742E-01   -0.19383E-02
    0.29453E+00   -0.32152E-01   -0.16102E-02
    0.30963E+00   -0.39875E-01   -0.12417E-02
    0.32551E+00   -0.46593E-01   -0.84665E-03
    0.34220E+00   -0.52004E-01   -0.43965E-03
    0.35974E+00   -0.55839E-01   -0.35365E-04
    0.37819E+00   -0.57870E-01    0.35213E-03
    0.39758E+00   -0.57925E-01    0.71000E-03
    0.41796E+00   -0.55893E-01    0.10271E-02
    0.43939E+00   -0.51735E-01    0.12947E-02
    0.46192E+00   -0.45484E-01    0.15061E-02
    0.48560E+00   -0.37248E-01    0.16575E-02
    0.51050E+00   -0.27204E-01    0.17475E-02
    0.53667E+00   -0.15594E-01    0.17770E-02
    0.56419E+00   -0.27203E-02    0.17489E-02
    0.59312E+00    0.11066E-01    0.16679E-02
    0.62352E+00    0.25375E-01    0.15399E-02
    0.65549E+00    0.39787E-01    0.13720E-02
    0.68910E+00    0.53864E-01    0.11717E-02
    0.72443E+00    0.67161E-01    0.94677E-03
    0.76158E+00    0.79238E-01    0.70511E-03
    0.80062E+00    0.89668E-01    0.45434E-03
    0.84167E+00    0.98047E-01    0.20167E-03
    0.88482E+00    0.10401E+00   -0.46267E-04
    0.93019E+00    0.10722E+00   -0.28355E-03
    0.97788E+00    0.10742E+00   -0.50508E-03
    0.10280E+01    0.10436E+00   -0.70661E-03
    0.10807E+01    0.97897E-01   -0.88483E-03
    0.11361E+01    0.87917E-01   -0.10373E-02
    0.11944E+01    0.74382E-01   -0.11625E-02
    0.12556E+01    0.57317E-01   -0.12595E-02
    0.13200E+01    0.36805E-01   -0.13284E-02
    0.13877E+01    0.12993E-01   -0.13697E-02
    0.14588E+01   -0.13913E-01   -0.13843E-02
    0.15336E+01   -0.43651E-01   -0.13736E-02
    0.16123E+01   -0.75902E-01   -0.13394E-02
    0.16949E+01   -0.11030E+00   -0.12837E-02
    0.17818E+01   -0.14642E+00   -0.12085E-02
    0.18732E+01   -0.18379E+00   -0.11162E-02
    0.19692E+01   -0.22192E+00   -0.10091E-02
    0.20702E+01   -0.26026E+00   -0.88976E-03
    0.21763E+01   -0.29824E+00   -0.76080E-03
    0.22879E+01   -0.33527E+00   -0.62487E-03
    0.24052E+01   -0.37075E+00   -0.48464E-03
    0.25285E+01   -0.40409E+00   -0.34281E-03
    0.26582E+01   -0.43473E+00   -0.20203E-03
    0.27945E+01   -0.46211E+00   -0.64833E-04
    0.29377E+01   -0.48575E+00    0.66377E-04
    0.30883E+01   -0.50521E+00    0.18940E-03
    0.32467E+01   -0.52013E+00    0.30230E-03
    0.34132E+01   -0.53025E+00    0.40343E-03
    0.35881E+01   -0.53538E+00    0.49145E-03
    0.37721E+01   -0.53545E+00    0.56542E-03
    0.39655E+01   -0.53050E+00    0.62473E-03
    0.41688E+01   -0.52067E+00    0.66916E-03
    0.43826E+01   -0.50622E+00    0.69886E-03
    0.46073E+01   -0.48749E+00    0.71434E-03
    0.48435E+01   -0.46493E+00    0.71640E-03
    0.50918E+01   -0.43907E+00    0.70617E-03
    0.53529E+01   -0.41050E+00    0.68498E-03
    0.56273E+01   -0.37985E+00    0.65437E-03
    0.59159E+01   -0.34778E+00    0.61602E-03
    0.62192E+01   -0.31496E+00    0.57166E-03
    0.65380E+01   -0.28205E+00    0.52302E-03
    0.68732E+01   -0.24964E+00    0.47182E-03
    0.72256E+01   -0.21831E+00    0.41962E-03
    0.75961E+01   -0.18852E+00    0.36788E-03
    0.79856E+01   -0.16069E+00    0.31784E-03
    0.83950E+01   -0.13511E+00    0.27053E-03
    0.88254E+01   -0.11201E+00    0.22675E-03
    0.92779E+01   -0.91486E-01    0.18706E-03
    0.97536E+01   -0.73579E-01    0.15182E-03
    0.10254E+02   -0.58228E-01    0.12114E-03
    0.10779E+02   -0.45306E-01    0.94971E-04
    0.11332E+02   -0.34632E-01    0.73101E-04
    0.11913E+02   -0.25986E-01    0.55201E-04
    0.12524E+02   -0.19124E-01    0.40860E-04
    0.13166E+02   -0.13789E-01    0.29621E-04
    0.13841E+02   -0.97324E-02    0.21011E-04
    0.14551E+02   -0.67170E-02    0.14568E-04
    0.15297E+02   -0.45281E-02    0.98622E-05
    0.16081E+02   -0.29782E-02    0.65119E-05
    0.16905E+02   -0.19088E-02    0.41886E-05
    0.17772E+02   -0.11906E-02    0.26214E-05
    0.18683E+02   -0.72187E-03    0.15940E-05
    0.19641E+02   -0.42483E-03    0.94056E-06
    0.20648E+02   -0.24236E-03    0.53774E-06
    0.21707E+02   -0.13385E-03    0.29744E-06
    0.22820E+02   -0.71484E-04    0.15894E-06
    0.23990E+02   -0.36884E-04    0.81926E-07
    0.25220E+02   -0.18385E-04    0.40682E-07
    0.26513E+02   -0.88644E-05    0.19443E-07
    0.27872E+02   -0.41515E-05    0.89430E-08
    0.29301E+02   -0.19065E-05    0.39663E-08
    0.30804E+02   -0.87445E-06    0.17062E-08
    0.32383E+02   -0.41299E-06    0.72175E-09
    0.34043E+02   -0.20868E-06    0.30849E-09
    0.35789E+02   -0.11607E-06    0.13913E-09
    0.37624E+02   -0.70958E-07    0.69387E-10
    0.39553E+02   -0.46315E-07    0.39011E-10
    0.41581E+02   -0.31156E-07    0.24129E-10
    0.43713E+02   -0.21034E-07    0.15694E-10
    0.45954E+02   -0.14029E-07    0.10338E-10
    0.48310E+02   -0.91671E-08    0.67455E-11
    0.50787E+02   -0.58428E-08    0.43103E-11
    0.53391E+02   -0.36234E-08    0.26824E-11
    0.56128E+02   -0.21824E-08    0.16215E-11
    0.59006E+02   -0.12749E-08    0.95046E-12
    0.62031E+02   -0.72252E-09    0.53650E-12
    0.65212E+02   -0.39325E-09    0.28902E-12
    0.68555E+02   -0.20766E-09    0.15216E-12
