    0.00000E+00    0.00000E+00    0.00000E+00
    0.14649E-08    0.56641E-23   -0.61178E-25
    0.30049E-08    0.39250E-22   -0.37836E-24
    0.46238E-08    0.14314E-21   -0.53610E-25
    0.63258E-08    0.36652E-21   -0.18617E-25
    0.81150E-08    0.77378E-21   -0.12898E-25
    0.99960E-08    0.14462E-20   -0.16531E-25
    0.11973E-07    0.24854E-20   -0.28530E-25
    0.14052E-07    0.40177E-20   -0.51330E-25
    0.16237E-07    0.61988E-20   -0.90017E-25
    0.18535E-07    0.92198E-20   -0.15197E-24
    0.20950E-07    0.13314E-19   -0.24752E-24
    0.23489E-07    0.18765E-19   -0.39081E-24
    0.26158E-07    0.25917E-19   -0.60087E-24
    0.28964E-07    0.35184E-19   -0.90308E-24
    0.31914E-07    0.47066E-19   -0.13310E-23
    0.35015E-07    0.62163E-19   -0.19287E-23
    0.38276E-07    0.81193E-19   -0.27536E-23
    0.41703E-07    0.10502E-18   -0.38804E-23
    0.45306E-07    0.13465E-18   -0.54054E-23
    0.49094E-07    0.17133E-18   -0.74526E-23
    0.53076E-07    0.21649E-18   -0.10181E-22
    0.57262E-07    0.27186E-18   -0.13793E-22
    0.61663E-07    0.33948E-18   -0.18548E-22
    0.66289E-07    0.42177E-18   -0.24772E-22
    0.71153E-07    0.52159E-18   -0.32882E-22
    0.76266E-07    0.64230E-18   -0.43402E-22
    0.81641E-07    0.78791E-18   -0.56994E-22
    0.87291E-07    0.96309E-18   -0.74488E-22
    0.93232E-07    0.11734E-17   -0.96930E-22
    0.99477E-07    0.14253E-17   -0.12563E-21
    0.10604E-06    0.17266E-17   -0.16222E-21
    0.11294E-06    0.20861E-17   -0.20876E-21
    0.12020E-06    0.25146E-17   -0.26780E-21
    0.12783E-06    0.30243E-17   -0.34252E-21
    0.13585E-06    0.36299E-17   -0.43690E-21
    0.14428E-06    0.43484E-17   -0.55587E-21
    0.15314E-06    0.52000E-17   -0.70555E-21
    0.16245E-06    0.62079E-17   -0.89356E-21
    0.17225E-06    0.73998E-17   -0.11293E-20
    0.18254E-06    0.88076E-17   -0.14245E-20
    0.19337E-06    0.10469E-16   -0.17937E-20
    0.20475E-06    0.12428E-16   -0.22546E-20
    0.21671E-06    0.14736E-16   -0.28295E-20
    0.22929E-06    0.17454E-16   -0.35458E-20
    0.24251E-06    0.20650E-16   -0.44370E-20
    0.25641E-06    0.24408E-16   -0.55451E-20
    0.27102E-06    0.28823E-16   -0.69212E-20
    0.28638E-06    0.34007E-16   -0.86288E-20
    0.30252E-06    0.40090E-16   -0.10746E-19
    0.31950E-06    0.47224E-16   -0.13368E-19
    0.33735E-06    0.55588E-16   -0.16615E-19
    0.35611E-06    0.65387E-16   -0.20631E-19
    0.37583E-06    0.76865E-16   -0.25595E-19
    0.39656E-06    0.90301E-16   -0.31729E-19
    0.41836E-06    0.10602E-15   -0.39301E-19
    0.44128E-06    0.12442E-15   -0.48645E-19
    0.46537E-06    0.14593E-15   -0.60169E-19
    0.49069E-06    0.17107E-15   -0.74375E-19
    0.51731E-06    0.20045E-15   -0.91878E-19
    0.54530E-06    0.23478E-15   -0.11343E-18
    0.57472E-06    0.27487E-15   -0.13997E-18
    0.60566E-06    0.32168E-15   -0.17262E-18
    0.63817E-06    0.37633E-15   -0.21279E-18
    0.67236E-06    0.44010E-15   -0.26218E-18
    0.70830E-06    0.51451E-15   -0.32289E-18
    0.74608E-06    0.60131E-15   -0.39749E-18
    0.78579E-06    0.70255E-15   -0.48913E-18
    0.82755E-06    0.82059E-15   -0.60167E-18
    0.87144E-06    0.95822E-15   -0.73985E-18
    0.91758E-06    0.11186E-14   -0.90944E-18
    0.96609E-06    0.13056E-14   -0.11176E-17
    0.10171E-05    0.15235E-14   -0.13729E-17
    0.10707E-05    0.17773E-14   -0.16860E-17
    0.11271E-05    0.20730E-14   -0.20701E-17
    0.11863E-05    0.24174E-14   -0.25409E-17
    0.12486E-05    0.28186E-14   -0.31181E-17
    0.13141E-05    0.32857E-14   -0.38254E-17
    0.13829E-05    0.38296E-14   -0.46922E-17
    0.14553E-05    0.44628E-14   -0.57542E-17
    0.15314E-05    0.51999E-14   -0.70551E-17
    0.16114E-05    0.60579E-14   -0.86485E-17
    0.16954E-05    0.70566E-14   -0.10600E-16
    0.17838E-05    0.82188E-14   -0.12989E-16
    0.18768E-05    0.95713E-14   -0.15915E-16
    0.19744E-05    0.11145E-13   -0.19496E-16
    0.20771E-05    0.12976E-13   -0.23879E-16
    0.21851E-05    0.15106E-13   -0.29244E-16
    0.22986E-05    0.17585E-13   -0.35810E-16
    0.24179E-05    0.20468E-13   -0.43844E-16
    0.25433E-05    0.23821E-13   -0.53674E-16
    0.26752E-05    0.27722E-13   -0.65700E-16
    0.28138E-05    0.32258E-13   -0.80413E-16
    0.29596E-05    0.37534E-13   -0.98409E-16
    0.31128E-05    0.43670E-13   -0.12042E-15
    0.32738E-05    0.50806E-13   -0.14734E-15
    0.34432E-05    0.59103E-13   -0.18027E-15
    0.36212E-05    0.68751E-13   -0.22053E-15
    0.38083E-05    0.79969E-13   -0.26977E-15
    0.40050E-05    0.93012E-13   -0.32996E-15
    0.42118E-05    0.10818E-12   -0.40357E-15
    0.44292E-05    0.12581E-12   -0.49355E-15
    0.46578E-05    0.14631E-12   -0.60356E-15
    0.48980E-05    0.17013E-12   -0.73804E-15
    0.51506E-05    0.19783E-12   -0.90242E-15
    0.54162E-05    0.23004E-12   -0.11033E-14
    0.56953E-05    0.26747E-12   -0.13489E-14
    0.59888E-05    0.31098E-12   -0.16491E-14
    0.62973E-05    0.36155E-12   -0.20159E-14
    0.66217E-05    0.42034E-12   -0.24642E-14
    0.69626E-05    0.48867E-12   -0.30121E-14
    0.73211E-05    0.56808E-12   -0.36815E-14
    0.76979E-05    0.66038E-12   -0.44995E-14
    0.80940E-05    0.76766E-12   -0.54990E-14
    0.85105E-05    0.89234E-12   -0.67201E-14
    0.89483E-05    0.10372E-11   -0.82121E-14
    0.94086E-05    0.12056E-11   -0.10035E-13
    0.98924E-05    0.14013E-11   -0.12261E-13
    0.10401E-04    0.16287E-11   -0.14981E-13
    0.10936E-04    0.18930E-11   -0.18304E-13
    0.11498E-04    0.22002E-11   -0.22362E-13
    0.12089E-04    0.25570E-11   -0.27319E-13
    0.12710E-04    0.29718E-11   -0.33372E-13
    0.13363E-04    0.34536E-11   -0.40764E-13
    0.14050E-04    0.40136E-11   -0.49791E-13
    0.14772E-04    0.46643E-11   -0.60813E-13
    0.15531E-04    0.54203E-11   -0.74270E-13
    0.16328E-04    0.62987E-11   -0.90699E-13
    0.17167E-04    0.73193E-11   -0.11075E-12
    0.18049E-04    0.85052E-11   -0.13523E-12
    0.18975E-04    0.98829E-11   -0.16511E-12
    0.19950E-04    0.11484E-10   -0.20157E-12
    0.20974E-04    0.13343E-10   -0.24605E-12
    0.22051E-04    0.15504E-10   -0.30033E-12
    0.23183E-04    0.18014E-10   -0.36653E-12
    0.24373E-04    0.20929E-10   -0.44726E-12
    0.25624E-04    0.24316E-10   -0.54571E-12
    0.26939E-04    0.28251E-10   -0.66573E-12
    0.28322E-04    0.32821E-10   -0.81201E-12
    0.29776E-04    0.38129E-10   -0.99027E-12
    0.31304E-04    0.44294E-10   -0.12074E-11
    0.32910E-04    0.51455E-10   -0.14719E-11
    0.34599E-04    0.59771E-10   -0.17938E-11
    0.36374E-04    0.69428E-10   -0.21856E-11
    0.38241E-04    0.80643E-10   -0.26622E-11
    0.40203E-04    0.93665E-10   -0.32417E-11
    0.42266E-04    0.10879E-09   -0.39459E-11
    0.44434E-04    0.12634E-09   -0.48013E-11
    0.46714E-04    0.14672E-09   -0.58396E-11
    0.49110E-04    0.17038E-09   -0.70990E-11
    0.51630E-04    0.19784E-09   -0.86255E-11
    0.54278E-04    0.22971E-09   -0.10474E-10
    0.57063E-04    0.26669E-09   -0.12710E-10
    0.59990E-04    0.30961E-09   -0.15413E-10
    0.63067E-04    0.35941E-09   -0.18675E-10
    0.66302E-04    0.41718E-09   -0.22607E-10
    0.69703E-04    0.48420E-09   -0.27339E-10
    0.73278E-04    0.56192E-09   -0.33023E-10
    0.77037E-04    0.65207E-09   -0.39840E-10
    0.80988E-04    0.75660E-09   -0.47994E-10
    0.85142E-04    0.87780E-09   -0.57725E-10
    0.89508E-04    0.10183E-08   -0.69304E-10
    0.94099E-04    0.11812E-08   -0.83037E-10
    0.98925E-04    0.13700E-08   -0.99268E-10
    0.10400E-03    0.15888E-08   -0.11837E-09
    0.10933E-03    0.18424E-08   -0.14076E-09
    0.11494E-03    0.21363E-08   -0.16689E-09
    0.12083E-03    0.24769E-08   -0.19725E-09
    0.12703E-03    0.28716E-08   -0.23241E-09
    0.13354E-03    0.33291E-08   -0.27301E-09
    0.14039E-03    0.38592E-08   -0.31984E-09
    0.14759E-03    0.44737E-08   -0.37384E-09
    0.15516E-03    0.51858E-08   -0.43611E-09
    0.16312E-03    0.60112E-08   -0.50797E-09
    0.17148E-03    0.69678E-08   -0.59095E-09
    0.18028E-03    0.80764E-08   -0.68685E-09
    0.18952E-03    0.93613E-08   -0.79774E-09
    0.19924E-03    0.10850E-07   -0.92603E-09
    0.20946E-03    0.12576E-07   -0.10745E-08
    0.22020E-03    0.14576E-07   -0.12464E-08
    0.23149E-03    0.16894E-07   -0.14455E-08
    0.24336E-03    0.19580E-07   -0.16761E-08
    0.25584E-03    0.22693E-07   -0.19432E-08
    0.26896E-03    0.26300E-07   -0.22526E-08
    0.28275E-03    0.30481E-07   -0.26111E-08
    0.29724E-03    0.35325E-07   -0.30264E-08
    0.31249E-03    0.40938E-07   -0.35076E-08
    0.32851E-03    0.47442E-07   -0.40650E-08
    0.34535E-03    0.54978E-07   -0.47109E-08
    0.36306E-03    0.63710E-07   -0.54592E-08
    0.38168E-03    0.73828E-07   -0.63261E-08
    0.40125E-03    0.85550E-07   -0.73304E-08
    0.42182E-03    0.99131E-07   -0.84939E-08
    0.44345E-03    0.11487E-06   -0.98418E-08
    0.46619E-03    0.13309E-06   -0.11403E-07
    0.49009E-03    0.15421E-06   -0.13212E-07
    0.51522E-03    0.17867E-06   -0.15307E-07
    0.54164E-03    0.20701E-06   -0.17733E-07
    0.56941E-03    0.23983E-06   -0.20544E-07
    0.59861E-03    0.27785E-06   -0.23799E-07
    0.62930E-03    0.32188E-06   -0.27569E-07
    0.66157E-03    0.37288E-06   -0.31935E-07
    0.69549E-03    0.43194E-06   -0.36990E-07
    0.73115E-03    0.50033E-06   -0.42844E-07
    0.76863E-03    0.57953E-06   -0.49622E-07
    0.80804E-03    0.67123E-06   -0.57469E-07
    0.84947E-03    0.77742E-06   -0.66554E-07
    0.89303E-03    0.90035E-06   -0.77071E-07
    0.93882E-03    0.10427E-05   -0.89245E-07
    0.98695E-03    0.12074E-05   -0.10334E-06
    0.10376E-02    0.13981E-05   -0.11964E-06
    0.10908E-02    0.16188E-05   -0.13852E-06
    0.11467E-02    0.18743E-05   -0.16035E-06
    0.12055E-02    0.21699E-05   -0.18562E-06
    0.12673E-02    0.25120E-05   -0.21485E-06
    0.13323E-02    0.29077E-05   -0.24867E-06
    0.14006E-02    0.33656E-05   -0.28778E-06
    0.14724E-02    0.38953E-05   -0.33302E-06
    0.15479E-02    0.45079E-05   -0.38533E-06
    0.16272E-02    0.52164E-05   -0.44582E-06
    0.17107E-02    0.60357E-05   -0.51575E-06
    0.17984E-02    0.69830E-05   -0.59658E-06
    0.18906E-02    0.80781E-05   -0.69000E-06
    0.19875E-02    0.93440E-05   -0.79796E-06
    0.20894E-02    0.10807E-04   -0.92269E-06
    0.21965E-02    0.12498E-04   -0.10668E-05
    0.23092E-02    0.14451E-04   -0.12332E-05
    0.24276E-02    0.16707E-04   -0.14254E-05
    0.25520E-02    0.19313E-04   -0.16472E-05
    0.26829E-02    0.22322E-04   -0.19033E-05
    0.28204E-02    0.25796E-04   -0.21989E-05
    0.29650E-02    0.29805E-04   -0.25399E-05
    0.31171E-02    0.34433E-04   -0.29332E-05
    0.32769E-02    0.39771E-04   -0.33868E-05
    0.34449E-02    0.45928E-04   -0.39097E-05
    0.36215E-02    0.53029E-04   -0.45124E-05
    0.38072E-02    0.61214E-04   -0.52068E-05
    0.40024E-02    0.70647E-04   -0.60067E-05
    0.42076E-02    0.81516E-04   -0.69277E-05
    0.44233E-02    0.94034E-04   -0.79879E-05
    0.46501E-02    0.10845E-03   -0.92078E-05
    0.48885E-02    0.12504E-03   -0.10611E-04
    0.51392E-02    0.14412E-03   -0.12224E-04
    0.54027E-02    0.16608E-03   -0.14079E-04
    0.56797E-02    0.19131E-03   -0.16209E-04
    0.59709E-02    0.22032E-03   -0.18655E-04
    0.62770E-02    0.25363E-03   -0.21462E-04
    0.65988E-02    0.29188E-03   -0.24682E-04
    0.69372E-02    0.33577E-03   -0.28374E-04
    0.72928E-02    0.38611E-03   -0.32605E-04
    0.76668E-02    0.44381E-03   -0.37451E-04
    0.80598E-02    0.50992E-03   -0.42996E-04
    0.84731E-02    0.58561E-03   -0.49339E-04
    0.89075E-02    0.67221E-03   -0.56590E-04
    0.93642E-02    0.77124E-03   -0.64872E-04
    0.98443E-02    0.88440E-03   -0.74324E-04
    0.10349E-01    0.10136E-02   -0.85106E-04
    0.10880E-01    0.11610E-02   -0.97391E-04
    0.11437E-01    0.13291E-02   -0.11138E-03
    0.12024E-01    0.15205E-02   -0.12729E-03
    0.12640E-01    0.17383E-02   -0.14538E-03
    0.13288E-01    0.19859E-02   -0.16592E-03
    0.13970E-01    0.22671E-02   -0.18921E-03
    0.14686E-01    0.25861E-02   -0.21560E-03
    0.15439E-01    0.29477E-02   -0.24547E-03
    0.16231E-01    0.33569E-02   -0.27923E-03
    0.17063E-01    0.38195E-02   -0.31735E-03
    0.17938E-01    0.43419E-02   -0.36032E-03
    0.18857E-01    0.49308E-02   -0.40871E-03
    0.19824E-01    0.55938E-02   -0.46310E-03
    0.20840E-01    0.63390E-02   -0.52416E-03
    0.21909E-01    0.71754E-02   -0.59258E-03
    0.23032E-01    0.81124E-02   -0.66914E-03
    0.24213E-01    0.91603E-02   -0.75462E-03
    0.25455E-01    0.10330E-01   -0.84991E-03
    0.26760E-01    0.11633E-01   -0.95589E-03
    0.28132E-01    0.13081E-01   -0.10735E-02
    0.29574E-01    0.14687E-01   -0.12038E-02
    0.31090E-01    0.16463E-01   -0.13478E-02
    0.32684E-01    0.18424E-01   -0.15064E-02
    0.34360E-01    0.20581E-01   -0.16808E-02
    0.36122E-01    0.22949E-01   -0.18719E-02
    0.37974E-01    0.25538E-01   -0.20807E-02
    0.39921E-01    0.28362E-01   -0.23082E-02
    0.41968E-01    0.31430E-01   -0.25552E-02
    0.44119E-01    0.34751E-01   -0.28224E-02
    0.46381E-01    0.38330E-01   -0.31103E-02
    0.48759E-01    0.42172E-01   -0.34194E-02
    0.51259E-01    0.46277E-01   -0.37496E-02
    0.53887E-01    0.50639E-01   -0.41009E-02
    0.56650E-01    0.55250E-01   -0.44727E-02
    0.59555E-01    0.60093E-01   -0.48642E-02
    0.62608E-01    0.65147E-01   -0.52739E-02
    0.65818E-01    0.70380E-01   -0.57000E-02
    0.69193E-01    0.75756E-01   -0.61402E-02
    0.72740E-01    0.81224E-01   -0.65915E-02
    0.76470E-01    0.86726E-01   -0.70502E-02
    0.80391E-01    0.92194E-01   -0.75121E-02
    0.84512E-01    0.97546E-01   -0.79722E-02
    0.88845E-01    0.10269E+00   -0.84250E-02
    0.93400E-01    0.10752E+00   -0.88640E-02
    0.98189E-01    0.11193E+00   -0.92824E-02
    0.10322E+00    0.11578E+00   -0.96726E-02
    0.10852E+00    0.11895E+00   -0.10027E-01
    0.11408E+00    0.12129E+00   -0.10337E-01
    0.11993E+00    0.12265E+00   -0.10593E-01
    0.12608E+00    0.12290E+00   -0.10789E-01
    0.13254E+00    0.12189E+00   -0.10915E-01
    0.13934E+00    0.11947E+00   -0.10963E-01
    0.14648E+00    0.11552E+00   -0.10927E-01
    0.15399E+00    0.10993E+00   -0.10800E-01
    0.16189E+00    0.10261E+00   -0.10578E-01
    0.17019E+00    0.93500E-01   -0.10256E-01
    0.17891E+00    0.82567E-01   -0.98347E-02
    0.18809E+00    0.69822E-01   -0.93127E-02
    0.19773E+00    0.55317E-01   -0.86930E-02
    0.20787E+00    0.39155E-01   -0.79801E-02
    0.21852E+00    0.21486E-01   -0.71810E-02
    0.22973E+00    0.25186E-02   -0.63050E-02
    0.24151E+00   -0.17488E-01   -0.53634E-02
    0.25389E+00   -0.38221E-01   -0.43699E-02
    0.26691E+00   -0.59316E-01   -0.33399E-02
    0.28059E+00   -0.80366E-01   -0.22905E-02
    0.29498E+00   -0.10093E+00   -0.12403E-02
    0.31010E+00   -0.12053E+00   -0.20817E-03
    0.32600E+00   -0.13870E+00    0.78635E-03
    0.34271E+00   -0.15495E+00    0.17244E-02
    0.36029E+00   -0.16881E+00    0.25880E-02
    0.37876E+00   -0.17986E+00    0.33613E-02
    0.39818E+00   -0.18771E+00    0.40306E-02
    0.41859E+00   -0.19204E+00    0.45853E-02
    0.44005E+00   -0.19260E+00    0.50180E-02
    0.46262E+00   -0.18920E+00    0.53250E-02
    0.48633E+00   -0.18177E+00    0.55063E-02
    0.51127E+00   -0.17030E+00    0.55652E-02
    0.53748E+00   -0.15487E+00    0.55082E-02
    0.56504E+00   -0.13564E+00    0.53444E-02
    0.59401E+00   -0.11284E+00    0.50852E-02
    0.62447E+00   -0.86770E-01    0.47433E-02
    0.65648E+00   -0.57780E-01    0.43324E-02
    0.69014E+00   -0.26263E-01    0.38666E-02
    0.72553E+00    0.73539E-02    0.33600E-02
    0.76272E+00    0.42622E-01    0.28262E-02
    0.80183E+00    0.79079E-01    0.22779E-02
    0.84294E+00    0.11626E+00    0.17271E-02
    0.88616E+00    0.15372E+00    0.11842E-02
    0.93159E+00    0.19100E+00    0.65871E-03
    0.97936E+00    0.22770E+00    0.15842E-03
    0.10296E+01    0.26344E+00   -0.31012E-03
    0.10824E+01    0.29788E+00   -0.74181E-03
    0.11379E+01    0.33070E+00   -0.11329E-02
    0.11962E+01    0.36167E+00   -0.14812E-02
    0.12575E+01    0.39058E+00   -0.17853E-02
    0.13220E+01    0.41727E+00   -0.20453E-02
    0.13898E+01    0.44162E+00   -0.22622E-02
    0.14610E+01    0.46356E+00   -0.24378E-02
    0.15359E+01    0.48306E+00   -0.25744E-02
    0.16147E+01    0.50010E+00   -0.26750E-02
    0.16975E+01    0.51471E+00   -0.27429E-02
    0.17845E+01    0.52692E+00   -0.27815E-02
    0.18760E+01    0.53676E+00   -0.27942E-02
    0.19722E+01    0.54429E+00   -0.27844E-02
    0.20733E+01    0.54956E+00   -0.27553E-02
    0.21796E+01    0.55260E+00   -0.27100E-02
    0.22914E+01    0.55346E+00   -0.26510E-02
    0.24088E+01    0.55216E+00   -0.25808E-02
    0.25323E+01    0.54872E+00   -0.25014E-02
    0.26622E+01    0.54316E+00   -0.24146E-02
    0.27987E+01    0.53550E+00   -0.23217E-02
    0.29422E+01    0.52573E+00   -0.22240E-02
    0.30930E+01    0.51389E+00   -0.21224E-02
    0.32516E+01    0.50000E+00   -0.20177E-02
    0.34183E+01    0.48410E+00   -0.19106E-02
    0.35936E+01    0.46626E+00   -0.18016E-02
    0.37778E+01    0.44658E+00   -0.16911E-02
    0.39715E+01    0.42518E+00   -0.15798E-02
    0.41751E+01    0.40223E+00   -0.14681E-02
    0.43892E+01    0.37793E+00   -0.13565E-02
    0.46142E+01    0.35251E+00   -0.12457E-02
    0.48508E+01    0.32624E+00   -0.11362E-02
    0.50995E+01    0.29942E+00   -0.10288E-02
    0.53610E+01    0.27238E+00   -0.92425E-03
    0.56358E+01    0.24545E+00   -0.82324E-03
    0.59248E+01    0.21897E+00   -0.72655E-03
    0.62285E+01    0.19327E+00   -0.63492E-03
    0.65479E+01    0.16867E+00   -0.54900E-03
    0.68836E+01    0.14544E+00   -0.46936E-03
    0.72365E+01    0.12382E+00   -0.39645E-03
    0.76076E+01    0.10401E+00   -0.33059E-03
    0.79976E+01    0.86135E-01   -0.27191E-03
    0.84076E+01    0.70266E-01   -0.22043E-03
    0.88387E+01    0.56417E-01   -0.17595E-03
    0.92919E+01    0.44544E-01   -0.13817E-03
    0.97683E+01    0.34554E-01   -0.10664E-03
    0.10269E+02    0.26308E-01   -0.80817E-04
    0.10796E+02    0.19640E-01   -0.60071E-04
    0.11349E+02    0.14362E-01   -0.43748E-04
    0.11931E+02    0.10275E-01   -0.31181E-04
    0.12543E+02    0.71839E-02   -0.21724E-04
    0.13186E+02    0.49025E-02   -0.14777E-04
    0.13862E+02    0.32614E-02   -0.98000E-05
    0.14573E+02    0.21122E-02   -0.63285E-05
    0.15320E+02    0.13298E-02   -0.39736E-05
    0.16105E+02    0.81266E-03   -0.24223E-05
    0.16931E+02    0.48134E-03   -0.14313E-05
    0.17799E+02    0.27586E-03   -0.81851E-06
    0.18712E+02    0.15271E-03   -0.45219E-06
    0.19671E+02    0.81514E-04   -0.24090E-06
    0.20679E+02    0.41872E-04   -0.12353E-06
    0.21740E+02    0.20657E-04   -0.60843E-07
    0.22854E+02    0.97662E-05   -0.28725E-07
    0.24026E+02    0.44143E-05   -0.12970E-07
    0.25258E+02    0.19024E-05   -0.55871E-08
    0.26553E+02    0.77908E-06   -0.22899E-08
    0.27914E+02    0.30174E-06   -0.89007E-09
    0.29346E+02    0.10963E-06   -0.32666E-09
    0.30850E+02    0.36739E-07   -0.11239E-09
    0.32432E+02    0.10874E-07   -0.35735E-10
    0.34095E+02    0.24179E-08   -0.10062E-10
    0.35843E+02   -0.29305E-09   -0.13087E-11
    0.37680E+02   -0.72866E-09    0.61285E-12
    0.39612E+02   -0.55228E-09    0.58456E-12
    0.41643E+02   -0.35238E-09    0.36175E-12
    0.43778E+02   -0.23262E-09    0.22781E-12
