             0.00E+00         0.00E+00          0.00E+00
            -9.84E-03         5.25E-04          4.62E-05
            -1.03E-02         6.00E-04          5.29E-05
            -1.09E-02         6.86E-04          6.04E-05
            -1.14E-02         7.83E-04          6.90E-05
            -1.20E-02         8.94E-04          7.88E-05
            -1.26E-02         1.02E-03          8.99E-05
            -1.33E-02         1.16E-03          1.03E-04
            -1.40E-02         1.33E-03          1.17E-04
            -1.47E-02         1.51E-03          1.33E-04
            -1.54E-02         1.72E-03          1.52E-04
            -1.62E-02         1.96E-03          1.73E-04
            -1.71E-02         2.23E-03          1.97E-04
            -1.79E-02         2.54E-03          2.24E-04
            -1.89E-02         2.88E-03          2.54E-04
            -1.98E-02         3.27E-03          2.89E-04
            -2.08E-02         3.71E-03          3.28E-04
            -2.19E-02         4.20E-03          3.71E-04
            -2.30E-02         4.75E-03          4.20E-04
            -2.42E-02         5.37E-03          4.74E-04
            -2.55E-02         6.05E-03          5.35E-04
            -2.68E-02         6.81E-03          6.03E-04
            -2.81E-02         7.66E-03          6.79E-04
            -2.96E-02         8.60E-03          7.62E-04
            -3.11E-02         9.63E-03          8.55E-04
            -3.27E-02         1.08E-02          9.57E-04
            -3.44E-02         1.20E-02          1.07E-03
            -3.61E-02         1.33E-02          1.19E-03
            -3.80E-02         1.48E-02          1.32E-03
            -3.99E-02         1.64E-02          1.47E-03
            -4.20E-02         1.80E-02          1.62E-03
            -4.41E-02         1.98E-02          1.79E-03
            -4.64E-02         2.17E-02          1.97E-03
            -4.88E-02         2.37E-02          2.16E-03
            -5.13E-02         2.58E-02          2.36E-03
            -5.39E-02         2.79E-02          2.57E-03
            -5.67E-02         3.01E-02          2.79E-03
            -5.96E-02         3.23E-02          3.02E-03
            -6.26E-02         3.45E-02          3.24E-03
            -6.58E-02         3.66E-02          3.47E-03
            -6.92E-02         3.87E-02          3.70E-03
            -7.27E-02         4.07E-02          3.92E-03
            -7.65E-02         4.25E-02          4.14E-03
            -8.04E-02         4.41E-02          4.34E-03
            -8.45E-02         4.54E-02          4.53E-03
            -8.88E-02         4.65E-02          4.71E-03
            -9.34E-02         4.72E-02          4.86E-03
            -9.82E-02         4.76E-02          4.99E-03
            -1.03E-01         4.76E-02          5.10E-03
            -1.09E-01         4.71E-02          5.18E-03
            -1.14E-01         4.62E-02          5.23E-03
            -1.20E-01         4.47E-02          5.25E-03
            -1.26E-01         4.27E-02          5.23E-03
            -1.33E-01         4.01E-02          5.17E-03
            -1.39E-01         3.68E-02          5.07E-03
            -1.46E-01         3.29E-02          4.92E-03
            -1.54E-01         2.84E-02          4.71E-03
            -1.62E-01         2.33E-02          4.45E-03
            -1.70E-01         1.77E-02          4.12E-03
            -1.79E-01         1.16E-02          3.75E-03
            -1.88E-01         5.23E-03          3.32E-03
             1.98E-01         1.31E-03          2.86E-03
             2.08E-01         7.88E-03          2.37E-03
             2.19E-01         1.44E-02          1.86E-03
             2.30E-01         2.08E-02          1.35E-03
             2.42E-01         2.72E-02          8.33E-04
             2.54E-01         3.34E-02          3.15E-04
             2.67E-01         3.96E-02         -2.11E-04
             2.81E-01         4.56E-02         -7.48E-04
             2.95E-01         5.12E-02         -1.30E-03
             3.10E-01         5.61E-02         -1.86E-03
             3.26E-01         5.96E-02         -2.40E-03
             3.43E-01         6.11E-02         -2.90E-03
             3.60E-01         5.97E-02         -3.31E-03
             3.79E-01         5.48E-02         -3.58E-03
             3.98E-01         4.61E-02         -3.69E-03
             4.19E-01         3.33E-02         -3.60E-03
             4.40E-01         1.71E-02         -3.30E-03
            -4.63E-01         1.91E-03         -2.82E-03
            -4.86E-01         2.24E-02         -2.20E-03
            -5.11E-01         4.30E-02         -1.50E-03
            -5.37E-01         6.23E-02         -7.54E-04
            -5.65E-01         7.91E-02         -3.40E-05
            -5.94E-01         9.25E-02          6.22E-04
            -6.24E-01         1.02E-01          1.19E-03
            -6.56E-01         1.07E-01          1.65E-03
            -6.90E-01         1.07E-01          2.00E-03
            -7.26E-01         1.03E-01          2.25E-03
            -7.63E-01         9.52E-02          2.42E-03
            -8.02E-01         8.31E-02          2.51E-03
            -8.43E-01         6.69E-02          2.53E-03
            -8.86E-01         4.69E-02          2.49E-03
            -9.32E-01         2.30E-02          2.38E-03
             9.79E-01         4.52E-03          2.21E-03
             1.03E+00         3.55E-02          1.98E-03
             1.08E+00         6.96E-02          1.69E-03
             1.14E+00         1.06E-01          1.35E-03
             1.20E+00         1.44E-01          9.58E-04
             1.26E+00         1.82E-01          5.39E-04
             1.32E+00         2.20E-01          1.04E-04
             1.39E+00         2.55E-01         -3.30E-04
             1.46E+00         2.88E-01         -7.48E-04
             1.54E+00         3.16E-01         -1.14E-03
             1.61E+00         3.39E-01         -1.48E-03
             1.70E+00         3.56E-01         -1.78E-03
             1.78E+00         3.67E-01         -2.02E-03
             1.88E+00         3.71E-01         -2.20E-03
             1.97E+00         3.67E-01         -2.32E-03
             2.07E+00         3.57E-01         -2.39E-03
             2.18E+00         3.40E-01         -2.40E-03
             2.29E+00         3.16E-01         -2.35E-03
             2.41E+00         2.86E-01         -2.27E-03
             2.53E+00         2.52E-01         -2.14E-03
             2.66E+00         2.12E-01         -1.98E-03
             2.80E+00         1.69E-01         -1.79E-03
             2.94E+00         1.22E-01         -1.59E-03
             3.09E+00         7.45E-02         -1.37E-03
             3.25E+00         2.56E-02         -1.14E-03
            -3.42E+00         2.30E-02         -9.13E-04
            -3.59E+00         7.04E-02         -6.90E-04
            -3.78E+00         1.15E-01         -4.76E-04
            -3.97E+00         1.57E-01         -2.75E-04
            -4.18E+00         1.95E-01         -9.13E-05
            -4.39E+00         2.28E-01          7.34E-05
            -4.61E+00         2.55E-01          2.17E-04
            -4.85E+00         2.76E-01          3.37E-04
            -5.10E+00         2.90E-01          4.35E-04
            -5.36E+00         2.98E-01          5.09E-04
            -5.64E+00         3.00E-01          5.61E-04
            -5.92E+00         2.95E-01          5.93E-04
            -6.23E+00         2.85E-01          6.07E-04
            -6.55E+00         2.70E-01          6.05E-04
            -6.88E+00         2.52E-01          5.89E-04
            -7.24E+00         2.30E-01          5.63E-04
            -7.61E+00         2.06E-01          5.30E-04
            -8.00E+00         1.81E-01          4.90E-04
            -8.41E+00         1.55E-01          4.46E-04
            -8.84E+00         1.29E-01          3.99E-04
            -9.29E+00         1.03E-01          3.50E-04
            -9.77E+00         7.90E-02          2.99E-04
            -1.03E+01         5.62E-02          2.47E-04
            -1.08E+01         3.53E-02          1.94E-04
            -1.13E+01         1.71E-02          1.42E-04
            -1.19E+01         2.15E-03          9.11E-05
             1.25E+01         8.79E-03          4.43E-05
             1.32E+01         1.51E-02          3.21E-06
             1.39E+01         1.65E-02         -3.00E-05
             1.46E+01         1.28E-02         -5.35E-05
             1.53E+01         4.36E-03         -6.64E-05
            -1.61E+01         7.82E-03         -6.84E-05
            -1.69E+01         2.24E-02         -6.02E-05
            -1.78E+01         3.75E-02         -4.35E-05
            -1.87E+01         5.10E-02         -2.06E-05
            -1.97E+01         6.09E-02          5.65E-06
            -2.07E+01         6.51E-02          3.21E-05
            -2.17E+01         6.22E-02          5.59E-05
            -2.29E+01         5.14E-02          7.44E-05
            -2.40E+01         3.25E-02          8.59E-05
            -2.53E+01         6.41E-03          8.90E-05
             2.66E+01         2.52E-02          8.36E-05
             2.79E+01         6.00E-02          7.03E-05
             2.93E+01         9.51E-02          5.06E-05
             3.09E+01         1.28E-01          2.68E-05
             3.24E+01         1.55E-01          1.26E-06
             3.41E+01         1.75E-01         -2.33E-05
             3.58E+01         1.85E-01         -4.43E-05
             3.77E+01         1.87E-01         -6.05E-05
             3.96E+01         1.80E-01         -7.07E-05
             4.16E+01         1.65E-01         -7.45E-05
             4.38E+01         1.45E-01         -7.28E-05
             4.60E+01         1.22E-01         -6.67E-05
             4.84E+01         9.86E-02         -5.76E-05
             5.09E+01         7.62E-02         -4.71E-05
             5.35E+01         5.63E-02         -3.65E-05
             5.62E+01         3.98E-02         -2.69E-05
             5.91E+01         2.68E-02         -1.88E-05
             6.21E+01         1.72E-02         -1.24E-05
             6.53E+01         1.05E-02         -7.78E-06
             6.87E+01         6.05E-03         -4.62E-06
             7.22E+01         3.32E-03         -2.56E-06
             7.59E+01         1.69E-03         -1.37E-06
             7.98E+01         8.73E-04         -5.41E-07
