             0.00E+00         0.00E+00          0.00E+00
             8.49E-04         5.45E-04         -7.09E-05
             8.93E-04         6.00E-04         -7.80E-05
             9.39E-04         6.59E-04         -8.58E-05
             9.87E-04         7.25E-04         -9.44E-05
             1.04E-03         7.97E-04         -1.04E-04
             1.09E-03         8.77E-04         -1.14E-04
             1.15E-03         9.64E-04         -1.25E-04
             1.21E-03         1.06E-03         -1.38E-04
             1.27E-03         1.16E-03         -1.52E-04
             1.33E-03         1.28E-03         -1.67E-04
             1.40E-03         1.41E-03         -1.83E-04
             1.47E-03         1.54E-03         -2.01E-04
             1.55E-03         1.70E-03         -2.21E-04
             1.63E-03         1.86E-03         -2.43E-04
             1.71E-03         2.05E-03         -2.67E-04
             1.80E-03         2.25E-03         -2.93E-04
             1.89E-03         2.47E-03         -3.22E-04
             1.99E-03         2.71E-03         -3.53E-04
             2.09E-03         2.97E-03         -3.88E-04
             2.20E-03         3.26E-03         -4.26E-04
             2.31E-03         3.58E-03         -4.67E-04
             2.43E-03         3.93E-03         -5.13E-04
             2.55E-03         4.31E-03         -5.62E-04
             2.68E-03         4.72E-03         -6.17E-04
             2.82E-03         5.18E-03         -6.76E-04
             2.97E-03         5.67E-03         -7.41E-04
             3.12E-03         6.21E-03         -8.13E-04
             3.28E-03         6.81E-03         -8.90E-04
             3.44E-03         7.45E-03         -9.75E-04
             3.62E-03         8.16E-03         -1.07E-03
             3.81E-03         8.93E-03         -1.17E-03
             4.00E-03         9.76E-03         -1.28E-03
             4.21E-03         1.07E-02         -1.40E-03
             4.42E-03         1.17E-02         -1.53E-03
             4.65E-03         1.28E-02         -1.67E-03
             4.89E-03         1.39E-02         -1.83E-03
             5.14E-03         1.52E-02         -2.00E-03
             5.40E-03         1.66E-02         -2.18E-03
             5.68E-03         1.81E-02         -2.38E-03
             5.97E-03         1.97E-02         -2.60E-03
             6.28E-03         2.15E-02         -2.83E-03
             6.60E-03         2.34E-02         -3.09E-03
             6.94E-03         2.55E-02         -3.36E-03
             7.29E-03         2.77E-02         -3.66E-03
             7.67E-03         3.01E-02         -3.98E-03
             8.06E-03         3.27E-02         -4.33E-03
             8.47E-03         3.55E-02         -4.70E-03
             8.91E-03         3.85E-02         -5.11E-03
             9.36E-03         4.17E-02         -5.54E-03
             9.84E-03         4.51E-02         -6.01E-03
             1.03E-02         4.88E-02         -6.51E-03
             1.09E-02         5.27E-02         -7.04E-03
             1.14E-02         5.69E-02         -7.61E-03
             1.20E-02         6.13E-02         -8.23E-03
             1.26E-02         6.60E-02         -8.88E-03
             1.33E-02         7.10E-02         -9.57E-03
             1.40E-02         7.63E-02         -1.03E-02
             1.47E-02         8.19E-02         -1.11E-02
             1.54E-02         8.77E-02         -1.19E-02
             1.62E-02         9.38E-02         -1.28E-02
             1.71E-02         1.00E-01         -1.37E-02
             1.79E-02         1.07E-01         -1.47E-02
             1.89E-02         1.14E-01         -1.57E-02
             1.98E-02         1.21E-01         -1.67E-02
             2.08E-02         1.28E-01         -1.78E-02
             2.19E-02         1.35E-01         -1.89E-02
             2.30E-02         1.43E-01         -2.01E-02
             2.42E-02         1.50E-01         -2.13E-02
             2.55E-02         1.58E-01         -2.25E-02
             2.68E-02         1.65E-01         -2.37E-02
             2.81E-02         1.72E-01         -2.50E-02
             2.96E-02         1.79E-01         -2.62E-02
             3.11E-02         1.86E-01         -2.75E-02
             3.27E-02         1.92E-01         -2.87E-02
             3.44E-02         1.97E-01         -2.99E-02
             3.61E-02         2.02E-01         -3.10E-02
             3.80E-02         2.05E-01         -3.21E-02
             3.99E-02         2.08E-01         -3.31E-02
             4.20E-02         2.09E-01         -3.40E-02
             4.41E-02         2.09E-01         -3.48E-02
             4.64E-02         2.07E-01         -3.55E-02
             4.88E-02         2.04E-01         -3.60E-02
             5.13E-02         1.99E-01         -3.63E-02
             5.39E-02         1.91E-01         -3.65E-02
             5.67E-02         1.81E-01         -3.64E-02
             5.96E-02         1.69E-01         -3.61E-02
             6.26E-02         1.55E-01         -3.56E-02
             6.58E-02         1.38E-01         -3.48E-02
             6.92E-02         1.19E-01         -3.37E-02
             7.27E-02         9.68E-02         -3.23E-02
             7.65E-02         7.26E-02         -3.07E-02
             8.04E-02         4.61E-02         -2.87E-02
             8.45E-02         1.76E-02         -2.65E-02
            -8.88E-02         1.27E-02         -2.41E-02
            -9.34E-02         4.42E-02         -2.13E-02
            -9.82E-02         7.66E-02         -1.84E-02
            -1.03E-01         1.09E-01         -1.52E-02
            -1.09E-01         1.42E-01         -1.19E-02
            -1.14E-01         1.73E-01         -8.49E-03
            -1.20E-01         2.03E-01         -5.00E-03
            -1.26E-01         2.30E-01         -1.51E-03
            -1.33E-01         2.54E-01          1.93E-03
            -1.39E-01         2.74E-01          5.26E-03
            -1.46E-01         2.88E-01          8.41E-03
            -1.54E-01         2.97E-01          1.13E-02
            -1.62E-01         2.99E-01          1.39E-02
            -1.70E-01         2.95E-01          1.62E-02
            -1.79E-01         2.82E-01          1.80E-02
            -1.88E-01         2.62E-01          1.94E-02
            -1.98E-01         2.34E-01          2.03E-02
            -2.08E-01         1.99E-01          2.07E-02
            -2.19E-01         1.56E-01          2.06E-02
            -2.30E-01         1.07E-01          1.99E-02
            -2.42E-01         5.17E-02          1.88E-02
             2.54E-01         7.64E-03          1.73E-02
             2.67E-01         6.98E-02          1.53E-02
             2.81E-01         1.33E-01          1.30E-02
             2.95E-01         1.96E-01          1.04E-02
             3.10E-01         2.56E-01          7.65E-03
             3.26E-01         3.12E-01          4.78E-03
             3.43E-01         3.61E-01          1.90E-03
             3.60E-01         4.01E-01         -9.10E-04
             3.79E-01         4.31E-01         -3.56E-03
             3.98E-01         4.50E-01         -5.97E-03
             4.19E-01         4.56E-01         -8.08E-03
             4.40E-01         4.48E-01         -9.83E-03
             4.63E-01         4.27E-01         -1.12E-02
             4.86E-01         3.91E-01         -1.22E-02
             5.11E-01         3.43E-01         -1.27E-02
             5.37E-01         2.82E-01         -1.29E-02
             5.65E-01         2.10E-01         -1.27E-02
             5.94E-01         1.28E-01         -1.21E-02
             6.24E-01         3.83E-02         -1.13E-02
            -6.56E-01         5.69E-02         -1.02E-02
            -6.90E-01         1.56E-01         -8.91E-03
            -7.26E-01         2.56E-01         -7.50E-03
            -7.63E-01         3.55E-01         -6.00E-03
            -8.02E-01         4.52E-01         -4.47E-03
            -8.43E-01         5.43E-01         -2.95E-03
            -8.86E-01         6.28E-01         -1.48E-03
            -9.32E-01         7.05E-01         -1.01E-04
            -9.79E-01         7.71E-01          1.17E-03
            -1.03E+00         8.27E-01          2.30E-03
            -1.08E+00         8.72E-01          3.27E-03
            -1.14E+00         9.04E-01          4.09E-03
            -1.20E+00         9.25E-01          4.75E-03
            -1.26E+00         9.34E-01          5.24E-03
            -1.32E+00         9.31E-01          5.58E-03
            -1.39E+00         9.18E-01          5.78E-03
            -1.46E+00         8.95E-01          5.84E-03
            -1.54E+00         8.64E-01          5.79E-03
            -1.61E+00         8.25E-01          5.65E-03
            -1.70E+00         7.79E-01          5.42E-03
            -1.78E+00         7.29E-01          5.12E-03
            -1.88E+00         6.75E-01          4.78E-03
            -1.97E+00         6.19E-01          4.40E-03
            -2.07E+00         5.61E-01          4.00E-03
            -2.18E+00         5.04E-01          3.59E-03
            -2.29E+00         4.48E-01          3.19E-03
            -2.41E+00         3.93E-01          2.80E-03
            -2.53E+00         3.42E-01          2.42E-03
            -2.66E+00         2.94E-01          2.07E-03
            -2.80E+00         2.49E-01          1.75E-03
            -2.94E+00         2.09E-01          1.46E-03
            -3.09E+00         1.73E-01          1.20E-03
            -3.25E+00         1.42E-01          9.79E-04
            -3.42E+00         1.14E-01          7.84E-04
            -3.59E+00         9.10E-02          6.20E-04
            -3.78E+00         7.14E-02          4.82E-04
            -3.97E+00         5.52E-02          3.70E-04
            -4.18E+00         4.21E-02          2.79E-04
            -4.39E+00         3.16E-02          2.07E-04
            -4.61E+00         2.33E-02          1.51E-04
            -4.85E+00         1.70E-02          1.09E-04
            -5.10E+00         1.21E-02          7.69E-05
            -5.36E+00         8.55E-03          5.33E-05
            -5.64E+00         5.92E-03          3.64E-05
            -5.92E+00         4.04E-03          2.44E-05
            -6.23E+00         2.72E-03          1.61E-05
            -6.55E+00         1.80E-03          1.04E-05
            -6.88E+00         1.18E-03          6.63E-06
            -7.24E+00         7.65E-04          4.17E-06
