             0.00E+00         0.00E+00          0.00E+00
             8.49E-04         5.41E-04         -7.04E-05
             8.93E-04         5.95E-04         -7.75E-05
             9.39E-04         6.55E-04         -8.52E-05
             9.87E-04         7.20E-04         -9.37E-05
             1.04E-03         7.92E-04         -1.03E-04
             1.09E-03         8.70E-04         -1.13E-04
             1.15E-03         9.57E-04         -1.25E-04
             1.21E-03         1.05E-03         -1.37E-04
             1.27E-03         1.16E-03         -1.51E-04
             1.33E-03         1.27E-03         -1.65E-04
             1.40E-03         1.40E-03         -1.82E-04
             1.47E-03         1.53E-03         -2.00E-04
             1.55E-03         1.68E-03         -2.20E-04
             1.63E-03         1.85E-03         -2.41E-04
             1.71E-03         2.03E-03         -2.65E-04
             1.80E-03         2.23E-03         -2.91E-04
             1.89E-03         2.45E-03         -3.20E-04
             1.99E-03         2.69E-03         -3.51E-04
             2.09E-03         2.95E-03         -3.85E-04
             2.20E-03         3.24E-03         -4.23E-04
             2.31E-03         3.55E-03         -4.64E-04
             2.43E-03         3.90E-03         -5.09E-04
             2.55E-03         4.28E-03         -5.58E-04
             2.68E-03         4.69E-03         -6.12E-04
             2.82E-03         5.14E-03         -6.71E-04
             2.97E-03         5.63E-03         -7.36E-04
             3.12E-03         6.17E-03         -8.07E-04
             3.28E-03         6.76E-03         -8.84E-04
             3.44E-03         7.40E-03         -9.68E-04
             3.62E-03         8.10E-03         -1.06E-03
             3.81E-03         8.86E-03         -1.16E-03
             4.00E-03         9.69E-03         -1.27E-03
             4.21E-03         1.06E-02         -1.39E-03
             4.42E-03         1.16E-02         -1.52E-03
             4.65E-03         1.27E-02         -1.66E-03
             4.89E-03         1.38E-02         -1.82E-03
             5.14E-03         1.51E-02         -1.98E-03
             5.40E-03         1.65E-02         -2.17E-03
             5.68E-03         1.80E-02         -2.36E-03
             5.97E-03         1.96E-02         -2.58E-03
             6.28E-03         2.13E-02         -2.81E-03
             6.60E-03         2.32E-02         -3.06E-03
             6.94E-03         2.53E-02         -3.34E-03
             7.29E-03         2.75E-02         -3.63E-03
             7.67E-03         2.99E-02         -3.95E-03
             8.06E-03         3.24E-02         -4.30E-03
             8.47E-03         3.52E-02         -4.67E-03
             8.91E-03         3.82E-02         -5.07E-03
             9.36E-03         4.14E-02         -5.50E-03
             9.84E-03         4.48E-02         -5.96E-03
             1.03E-02         4.84E-02         -6.46E-03
             1.09E-02         5.23E-02         -6.99E-03
             1.14E-02         5.65E-02         -7.56E-03
             1.20E-02         6.09E-02         -8.17E-03
             1.26E-02         6.56E-02         -8.81E-03
             1.33E-02         7.05E-02         -9.50E-03
             1.40E-02         7.58E-02         -1.02E-02
             1.47E-02         8.13E-02         -1.10E-02
             1.54E-02         8.71E-02         -1.18E-02
             1.62E-02         9.31E-02         -1.27E-02
             1.71E-02         9.95E-02         -1.36E-02
             1.79E-02         1.06E-01         -1.46E-02
             1.89E-02         1.13E-01         -1.56E-02
             1.98E-02         1.20E-01         -1.66E-02
             2.08E-02         1.27E-01         -1.77E-02
             2.19E-02         1.34E-01         -1.88E-02
             2.30E-02         1.42E-01         -2.00E-02
             2.42E-02         1.49E-01         -2.11E-02
             2.55E-02         1.57E-01         -2.23E-02
             2.68E-02         1.64E-01         -2.36E-02
             2.81E-02         1.71E-01         -2.48E-02
             2.96E-02         1.78E-01         -2.61E-02
             3.11E-02         1.84E-01         -2.73E-02
             3.27E-02         1.90E-01         -2.85E-02
             3.44E-02         1.96E-01         -2.97E-02
             3.61E-02         2.00E-01         -3.08E-02
             3.80E-02         2.04E-01         -3.19E-02
             3.99E-02         2.06E-01         -3.29E-02
             4.20E-02         2.08E-01         -3.38E-02
             4.41E-02         2.08E-01         -3.46E-02
             4.64E-02         2.06E-01         -3.52E-02
             4.88E-02         2.02E-01         -3.57E-02
             5.13E-02         1.97E-01         -3.61E-02
             5.39E-02         1.90E-01         -3.62E-02
             5.67E-02         1.80E-01         -3.61E-02
             5.96E-02         1.68E-01         -3.58E-02
             6.26E-02         1.54E-01         -3.53E-02
             6.58E-02         1.37E-01         -3.45E-02
             6.92E-02         1.18E-01         -3.34E-02
             7.27E-02         9.61E-02         -3.21E-02
             7.65E-02         7.21E-02         -3.05E-02
             8.04E-02         4.57E-02         -2.85E-02
             8.45E-02         1.74E-02         -2.63E-02
            -8.88E-02         1.26E-02         -2.39E-02
            -9.34E-02         4.39E-02         -2.12E-02
            -9.82E-02         7.60E-02         -1.82E-02
            -1.03E-01         1.09E-01         -1.51E-02
            -1.09E-01         1.41E-01         -1.18E-02
            -1.14E-01         1.72E-01         -8.43E-03
            -1.20E-01         2.02E-01         -4.97E-03
            -1.26E-01         2.28E-01         -1.50E-03
            -1.33E-01         2.52E-01          1.92E-03
            -1.39E-01         2.72E-01          5.22E-03
            -1.46E-01         2.86E-01          8.35E-03
            -1.54E-01         2.95E-01          1.12E-02
            -1.62E-01         2.97E-01          1.38E-02
            -1.70E-01         2.92E-01          1.61E-02
            -1.79E-01         2.80E-01          1.79E-02
            -1.88E-01         2.60E-01          1.93E-02
            -1.98E-01         2.33E-01          2.01E-02
            -2.08E-01         1.97E-01          2.05E-02
            -2.19E-01         1.55E-01          2.04E-02
            -2.30E-01         1.06E-01          1.98E-02
            -2.42E-01         5.13E-02          1.87E-02
             2.54E-01         7.54E-03          1.71E-02
             2.67E-01         6.93E-02          1.52E-02
             2.81E-01         1.32E-01          1.29E-02
             2.95E-01         1.95E-01          1.03E-02
             3.10E-01         2.54E-01          7.59E-03
             3.26E-01         3.09E-01          4.75E-03
             3.43E-01         3.58E-01          1.89E-03
             3.60E-01         3.98E-01         -9.00E-04
             3.79E-01         4.28E-01         -3.53E-03
             3.98E-01         4.47E-01         -5.92E-03
             4.19E-01         4.52E-01         -8.01E-03
             4.40E-01         4.45E-01         -9.76E-03
             4.63E-01         4.24E-01         -1.11E-02
             4.86E-01         3.89E-01         -1.21E-02
             5.11E-01         3.40E-01         -1.26E-02
             5.37E-01         2.80E-01         -1.28E-02
             5.65E-01         2.08E-01         -1.26E-02
             5.94E-01         1.27E-01         -1.20E-02
             6.24E-01         3.84E-02         -1.12E-02
            -6.56E-01         5.61E-02         -1.01E-02
            -6.90E-01         1.54E-01         -8.85E-03
            -7.26E-01         2.54E-01         -7.45E-03
            -7.63E-01         3.52E-01         -5.97E-03
            -8.02E-01         4.48E-01         -4.45E-03
            -8.43E-01         5.39E-01         -2.94E-03
            -8.86E-01         6.23E-01         -1.48E-03
            -9.32E-01         6.99E-01         -1.14E-04
            -9.79E-01         7.66E-01          1.14E-03
            -1.03E+00         8.22E-01          2.26E-03
            -1.08E+00         8.66E-01          3.23E-03
            -1.14E+00         8.99E-01          4.04E-03
            -1.20E+00         9.20E-01          4.69E-03
            -1.26E+00         9.29E-01          5.19E-03
            -1.32E+00         9.27E-01          5.52E-03
            -1.39E+00         9.15E-01          5.72E-03
            -1.46E+00         8.93E-01          5.79E-03
            -1.54E+00         8.62E-01          5.74E-03
            -1.61E+00         8.24E-01          5.60E-03
            -1.70E+00         7.79E-01          5.37E-03
            -1.78E+00         7.30E-01          5.08E-03
            -1.88E+00         6.77E-01          4.75E-03
            -1.97E+00         6.22E-01          4.37E-03
            -2.07E+00         5.66E-01          3.98E-03
            -2.18E+00         5.09E-01          3.59E-03
            -2.29E+00         4.53E-01          3.19E-03
            -2.41E+00         4.00E-01          2.80E-03
            -2.53E+00         3.49E-01          2.44E-03
            -2.66E+00         3.01E-01          2.09E-03
            -2.80E+00         2.56E-01          1.77E-03
            -2.94E+00         2.16E-01          1.49E-03
            -3.09E+00         1.80E-01          1.23E-03
            -3.25E+00         1.48E-01          1.00E-03
            -3.42E+00         1.20E-01          8.08E-04
            -3.59E+00         9.58E-02          6.42E-04
            -3.78E+00         7.56E-02          5.02E-04
            -3.97E+00         5.88E-02          3.87E-04
            -4.18E+00         4.50E-02          2.94E-04
            -4.39E+00         3.40E-02          2.20E-04
            -4.61E+00         2.53E-02          1.62E-04
            -4.85E+00         1.85E-02          1.17E-04
            -5.10E+00         1.33E-02          8.31E-05
            -5.36E+00         9.43E-03          5.80E-05
            -5.64E+00         6.58E-03          3.98E-05
            -5.92E+00         4.52E-03          2.68E-05
            -6.23E+00         3.07E-03          1.78E-05
            -6.55E+00         2.05E-03          1.16E-05
            -6.88E+00         1.36E-03          7.45E-06
            -7.24E+00         8.93E-04          4.72E-06
            -7.61E+00         5.82E-04          2.96E-06
