             0.00E+00         0.00E+00          0.00E+00
             1.48E-04         5.21E-04          2.18E-03
             1.55E-04         5.55E-04          2.27E-03
             1.63E-04         5.91E-04          2.38E-03
             1.71E-04         6.28E-04          2.48E-03
             1.80E-04         6.66E-04          2.59E-03
             1.90E-04         7.06E-04          2.71E-03
             1.99E-04         7.48E-04          2.83E-03
             2.09E-04         7.91E-04          2.95E-03
             2.20E-04         8.36E-04          3.08E-03
             2.31E-04         8.83E-04          3.22E-03
             2.43E-04         9.33E-04          3.36E-03
             2.56E-04         9.84E-04          3.51E-03
             2.69E-04         1.04E-03          3.66E-03
             2.83E-04         1.09E-03          3.82E-03
             2.97E-04         1.15E-03          3.99E-03
             3.12E-04         1.21E-03          4.16E-03
             3.29E-04         1.28E-03          4.34E-03
             3.45E-04         1.35E-03          4.53E-03
             3.63E-04         1.42E-03          4.72E-03
             3.82E-04         1.49E-03          4.93E-03
             4.01E-04         1.57E-03          5.14E-03
             4.22E-04         1.65E-03          5.36E-03
             4.43E-04         1.74E-03          5.59E-03
             4.66E-04         1.83E-03          5.83E-03
             4.90E-04         1.93E-03          6.08E-03
             5.15E-04         2.03E-03          6.34E-03
             5.42E-04         2.14E-03          6.61E-03
             5.69E-04         2.25E-03          6.90E-03
             5.99E-04         2.37E-03          7.19E-03
             6.29E-04         2.50E-03          7.49E-03
             6.62E-04         2.63E-03          7.81E-03
             6.95E-04         2.77E-03          8.14E-03
             7.31E-04         2.92E-03          8.49E-03
             7.69E-04         3.08E-03          8.84E-03
             8.08E-04         3.25E-03          9.21E-03
             8.49E-04         3.43E-03          9.60E-03
             8.93E-04         3.62E-03          1.00E-02
             9.39E-04         3.82E-03          1.04E-02
             9.87E-04         4.03E-03          1.08E-02
             1.04E-03         4.26E-03          1.13E-02
             1.09E-03         4.50E-03          1.18E-02
             1.15E-03         4.76E-03          1.22E-02
             1.21E-03         5.03E-03          1.27E-02
             1.27E-03         5.32E-03          1.33E-02
             1.33E-03         5.63E-03          1.38E-02
             1.40E-03         5.96E-03          1.44E-02
             1.47E-03         6.31E-03          1.49E-02
             1.55E-03         6.69E-03          1.55E-02
             1.63E-03         7.09E-03          1.61E-02
             1.71E-03         7.52E-03          1.68E-02
             1.80E-03         7.97E-03          1.74E-02
             1.89E-03         8.46E-03          1.81E-02
             1.99E-03         8.98E-03          1.88E-02
             2.09E-03         9.54E-03          1.96E-02
             2.20E-03         1.01E-02          2.03E-02
             2.31E-03         1.08E-02          2.11E-02
             2.43E-03         1.15E-02          2.19E-02
             2.55E-03         1.22E-02          2.27E-02
             2.68E-03         1.30E-02          2.35E-02
             2.82E-03         1.38E-02          2.44E-02
             2.97E-03         1.47E-02          2.53E-02
             3.12E-03         1.56E-02          2.62E-02
             3.28E-03         1.67E-02          2.71E-02
             3.44E-03         1.78E-02          2.81E-02
             3.62E-03         1.89E-02          2.90E-02
             3.81E-03         2.02E-02          3.00E-02
             4.00E-03         2.16E-02          3.10E-02
             4.21E-03         2.30E-02          3.21E-02
             4.42E-03         2.45E-02          3.31E-02
             4.65E-03         2.62E-02          3.41E-02
             4.89E-03         2.80E-02          3.52E-02
             5.14E-03         2.99E-02          3.63E-02
             5.40E-03         3.19E-02          3.74E-02
             5.68E-03         3.40E-02          3.84E-02
             5.97E-03         3.64E-02          3.95E-02
             6.28E-03         3.88E-02          4.06E-02
             6.60E-03         4.15E-02          4.17E-02
             6.94E-03         4.43E-02          4.28E-02
             7.29E-03         4.72E-02          4.38E-02
             7.67E-03         5.04E-02          4.48E-02
             8.06E-03         5.38E-02          4.58E-02
             8.47E-03         5.74E-02          4.68E-02
             8.91E-03         6.12E-02          4.77E-02
             9.36E-03         6.52E-02          4.86E-02
             9.84E-03         6.95E-02          4.94E-02
             1.03E-02         7.40E-02          5.02E-02
             1.09E-02         7.87E-02          5.09E-02
             1.14E-02         8.37E-02          5.16E-02
             1.20E-02         8.90E-02          5.21E-02
             1.26E-02         9.44E-02          5.25E-02
             1.33E-02         1.00E-01          5.29E-02
             1.40E-02         1.06E-01          5.31E-02
             1.47E-02         1.12E-01          5.32E-02
             1.54E-02         1.19E-01          5.32E-02
             1.62E-02         1.25E-01          5.30E-02
             1.71E-02         1.32E-01          5.27E-02
             1.79E-02         1.39E-01          5.22E-02
             1.89E-02         1.46E-01          5.15E-02
             1.98E-02         1.54E-01          5.06E-02
             2.08E-02         1.61E-01          4.96E-02
             2.19E-02         1.68E-01          4.83E-02
             2.30E-02         1.75E-01          4.69E-02
             2.42E-02         1.82E-01          4.52E-02
             2.55E-02         1.89E-01          4.33E-02
             2.68E-02         1.95E-01          4.12E-02
             2.81E-02         2.01E-01          3.88E-02
             2.96E-02         2.07E-01          3.63E-02
             3.11E-02         2.12E-01          3.35E-02
             3.27E-02         2.16E-01          3.06E-02
             3.44E-02         2.19E-01          2.74E-02
             3.61E-02         2.21E-01          2.41E-02
             3.80E-02         2.21E-01          2.06E-02
             3.99E-02         2.21E-01          1.70E-02
             4.20E-02         2.19E-01          1.32E-02
             4.41E-02         2.15E-01          9.41E-03
             4.64E-02         2.09E-01          5.54E-03
             4.88E-02         2.01E-01          1.65E-03
             5.13E-02         1.91E-01         -2.22E-03
             5.39E-02         1.79E-01         -6.01E-03
             5.67E-02         1.64E-01         -9.70E-03
             5.96E-02         1.47E-01         -1.32E-02
             6.26E-02         1.27E-01         -1.65E-02
             6.58E-02         1.05E-01         -1.96E-02
             6.92E-02         8.06E-02         -2.23E-02
             7.27E-02         5.39E-02         -2.47E-02
             7.65E-02         2.51E-02         -2.67E-02
            -8.04E-02         5.45E-03         -2.83E-02
            -8.45E-02         3.75E-02         -2.94E-02
            -8.88E-02         7.06E-02         -3.00E-02
            -9.34E-02         1.04E-01         -3.00E-02
            -9.82E-02         1.38E-01         -2.96E-02
            -1.03E-01         1.71E-01         -2.86E-02
            -1.09E-01         2.02E-01         -2.71E-02
            -1.14E-01         2.32E-01         -2.51E-02
            -1.20E-01         2.58E-01         -2.26E-02
            -1.26E-01         2.81E-01         -1.97E-02
            -1.33E-01         2.99E-01         -1.65E-02
            -1.39E-01         3.11E-01         -1.30E-02
            -1.46E-01         3.17E-01         -9.27E-03
            -1.54E-01         3.17E-01         -5.42E-03
            -1.62E-01         3.08E-01         -1.54E-03
            -1.70E-01         2.92E-01          2.27E-03
            -1.79E-01         2.68E-01          5.92E-03
            -1.88E-01         2.36E-01          9.32E-03
            -1.98E-01         1.97E-01          1.24E-02
            -2.08E-01         1.50E-01          1.50E-02
            -2.19E-01         9.61E-02          1.72E-02
            -2.30E-01         3.70E-02          1.88E-02
             2.42E-01         2.61E-02          1.99E-02
             2.54E-01         9.18E-02          2.04E-02
             2.67E-01         1.58E-01          2.02E-02
             2.81E-01         2.24E-01          1.95E-02
             2.95E-01         2.86E-01          1.83E-02
             3.10E-01         3.43E-01          1.66E-02
             3.26E-01         3.92E-01          1.45E-02
             3.43E-01         4.32E-01          1.20E-02
             3.60E-01         4.61E-01          9.33E-03
             3.79E-01         4.78E-01          6.51E-03
             3.98E-01         4.81E-01          3.64E-03
             4.19E-01         4.70E-01          8.22E-04
             4.40E-01         4.43E-01         -1.87E-03
             4.63E-01         4.03E-01         -4.35E-03
             4.86E-01         3.48E-01         -6.57E-03
             5.11E-01         2.81E-01         -8.47E-03
             5.37E-01         2.02E-01         -1.00E-02
             5.65E-01         1.13E-01         -1.13E-02
             5.94E-01         1.70E-02         -1.21E-02
            -6.24E-01         8.48E-02         -1.26E-02
            -6.56E-01         1.90E-01         -1.28E-02
            -6.90E-01         2.96E-01         -1.27E-02
            -7.26E-01         4.00E-01         -1.23E-02
            -7.63E-01         5.00E-01         -1.17E-02
            -8.02E-01         5.94E-01         -1.10E-02
            -8.43E-01         6.81E-01         -1.01E-02
            -8.86E-01         7.58E-01         -9.05E-03
            -9.32E-01         8.25E-01         -7.98E-03
            -9.79E-01         8.79E-01         -6.89E-03
            -1.03E+00         9.21E-01         -5.81E-03
            -1.08E+00         9.51E-01         -4.76E-03
            -1.14E+00         9.68E-01         -3.77E-03
            -1.20E+00         9.72E-01         -2.86E-03
            -1.26E+00         9.64E-01         -2.04E-03
            -1.32E+00         9.46E-01         -1.31E-03
            -1.39E+00         9.18E-01         -6.82E-04
            -1.46E+00         8.81E-01         -1.56E-04
            -1.54E+00         8.36E-01          2.73E-04
            -1.61E+00         7.86E-01          6.09E-04
            -1.70E+00         7.31E-01          8.61E-04
            -1.78E+00         6.73E-01          1.04E-03
            -1.88E+00         6.14E-01          1.15E-03
            -1.97E+00         5.53E-01          1.20E-03
            -2.07E+00         4.94E-01          1.20E-03
            -2.18E+00         4.36E-01          1.17E-03
            -2.29E+00         3.81E-01          1.11E-03
            -2.41E+00         3.29E-01          1.02E-03
            -2.53E+00         2.80E-01          9.28E-04
            -2.66E+00         2.36E-01          8.24E-04
            -2.80E+00         1.97E-01          7.18E-04
            -2.94E+00         1.62E-01          6.15E-04
            -3.09E+00         1.31E-01          5.17E-04
            -3.25E+00         1.05E-01          4.27E-04
            -3.42E+00         8.23E-02          3.46E-04
            -3.59E+00         6.38E-02          2.76E-04
            -3.78E+00         4.87E-02          2.16E-04
            -3.97E+00         3.65E-02          1.65E-04
            -4.18E+00         2.69E-02          1.24E-04
            -4.39E+00         1.94E-02          9.16E-05
            -4.61E+00         1.38E-02          6.61E-05
            -4.85E+00         9.59E-03          4.67E-05
            -5.10E+00         6.53E-03          3.22E-05
            -5.36E+00         4.35E-03          2.18E-05
            -5.64E+00         2.83E-03          1.43E-05
            -5.92E+00         1.80E-03          9.20E-06
            -6.23E+00         1.12E-03          5.76E-06
            -6.55E+00         6.77E-04          3.51E-06
