             0.00E+00         0.00E+00          0.00E+00
             2.44E-05         5.15E-04         -2.58E-05
             2.56E-05         5.42E-04         -2.85E-05
             2.69E-05         5.69E-04         -3.14E-05
             2.83E-05         5.98E-04         -3.47E-05
             2.98E-05         6.28E-04         -3.83E-05
             3.13E-05         6.60E-04         -4.23E-05
             3.29E-05         6.94E-04         -4.66E-05
             3.46E-05         7.29E-04         -5.14E-05
             3.64E-05         7.66E-04         -5.67E-05
             3.82E-05         8.04E-04         -6.25E-05
             4.02E-05         8.45E-04         -6.89E-05
             4.23E-05         8.87E-04         -7.59E-05
             4.44E-05         9.31E-04         -8.36E-05
             4.67E-05         9.78E-04         -9.21E-05
             4.91E-05         1.03E-03         -1.01E-04
             5.16E-05         1.08E-03         -1.11E-04
             5.43E-05         1.13E-03         -1.23E-04
             5.71E-05         1.19E-03         -1.35E-04
             6.00E-05         1.24E-03         -1.48E-04
             6.31E-05         1.31E-03         -1.62E-04
             6.63E-05         1.37E-03         -1.78E-04
             6.97E-05         1.44E-03         -1.95E-04
             7.33E-05         1.51E-03         -2.14E-04
             7.70E-05         1.58E-03         -2.34E-04
             8.10E-05         1.65E-03         -2.55E-04
             8.51E-05         1.73E-03         -2.79E-04
             8.95E-05         1.81E-03         -3.03E-04
             9.41E-05         1.90E-03         -3.30E-04
             9.89E-05         1.99E-03         -3.58E-04
             1.04E-04         2.08E-03         -3.89E-04
             1.09E-04         2.18E-03         -4.20E-04
             1.15E-04         2.28E-03         -4.53E-04
             1.21E-04         2.38E-03         -4.88E-04
             1.27E-04         2.49E-03         -5.24E-04
             1.34E-04         2.60E-03         -5.62E-04
             1.40E-04         2.72E-03         -6.00E-04
             1.48E-04         2.84E-03         -6.40E-04
             1.55E-04         2.97E-03         -6.81E-04
             1.63E-04         3.10E-03         -7.23E-04
             1.71E-04         3.24E-03         -7.67E-04
             1.80E-04         3.38E-03         -8.11E-04
             1.90E-04         3.53E-03         -8.58E-04
             1.99E-04         3.68E-03         -9.06E-04
             2.09E-04         3.85E-03         -9.55E-04
             2.20E-04         4.01E-03         -1.01E-03
             2.31E-04         4.19E-03         -1.06E-03
             2.43E-04         4.37E-03         -1.11E-03
             2.56E-04         4.56E-03         -1.17E-03
             2.69E-04         4.76E-03         -1.23E-03
             2.83E-04         4.97E-03         -1.29E-03
             2.97E-04         5.18E-03         -1.35E-03
             3.12E-04         5.41E-03         -1.42E-03
             3.29E-04         5.64E-03         -1.49E-03
             3.45E-04         5.88E-03         -1.56E-03
             3.63E-04         6.13E-03         -1.63E-03
             3.82E-04         6.39E-03         -1.71E-03
             4.01E-04         6.67E-03         -1.79E-03
             4.22E-04         6.95E-03         -1.87E-03
             4.43E-04         7.24E-03         -1.95E-03
             4.66E-04         7.55E-03         -2.04E-03
             4.90E-04         7.87E-03         -2.13E-03
             5.15E-04         8.20E-03         -2.23E-03
             5.42E-04         8.55E-03         -2.33E-03
             5.69E-04         8.90E-03         -2.43E-03
             5.99E-04         9.27E-03         -2.54E-03
             6.29E-04         9.66E-03         -2.65E-03
             6.62E-04         1.01E-02         -2.77E-03
             6.95E-04         1.05E-02         -2.89E-03
             7.31E-04         1.09E-02         -3.01E-03
             7.69E-04         1.14E-02         -3.14E-03
             8.08E-04         1.18E-02         -3.27E-03
             8.49E-04         1.23E-02         -3.41E-03
             8.93E-04         1.28E-02         -3.56E-03
             9.39E-04         1.33E-02         -3.71E-03
             9.87E-04         1.38E-02         -3.86E-03
             1.04E-03         1.44E-02         -4.02E-03
             1.09E-03         1.50E-02         -4.19E-03
             1.15E-03         1.55E-02         -4.36E-03
             1.21E-03         1.62E-02         -4.54E-03
             1.27E-03         1.68E-02         -4.73E-03
             1.33E-03         1.74E-02         -4.92E-03
             1.40E-03         1.81E-02         -5.12E-03
             1.47E-03         1.88E-02         -5.32E-03
             1.55E-03         1.95E-02         -5.54E-03
             1.63E-03         2.02E-02         -5.76E-03
             1.71E-03         2.10E-02         -5.98E-03
             1.80E-03         2.17E-02         -6.22E-03
             1.89E-03         2.25E-02         -6.46E-03
             1.99E-03         2.33E-02         -6.71E-03
             2.09E-03         2.41E-02         -6.97E-03
             2.20E-03         2.50E-02         -7.23E-03
             2.31E-03         2.58E-02         -7.50E-03
             2.43E-03         2.67E-02         -7.78E-03
             2.55E-03         2.76E-02         -8.07E-03
             2.68E-03         2.85E-02         -8.36E-03
             2.82E-03         2.94E-02         -8.66E-03
             2.97E-03         3.03E-02         -8.97E-03
             3.12E-03         3.13E-02         -9.29E-03
             3.28E-03         3.22E-02         -9.61E-03
             3.44E-03         3.32E-02         -9.94E-03
             3.62E-03         3.41E-02         -1.03E-02
             3.81E-03         3.50E-02         -1.06E-02
             4.00E-03         3.60E-02         -1.10E-02
             4.21E-03         3.69E-02         -1.13E-02
             4.42E-03         3.78E-02         -1.17E-02
             4.65E-03         3.87E-02         -1.20E-02
             4.89E-03         3.95E-02         -1.24E-02
             5.14E-03         4.03E-02         -1.27E-02
             5.40E-03         4.11E-02         -1.31E-02
             5.68E-03         4.19E-02         -1.35E-02
             5.97E-03         4.25E-02         -1.38E-02
             6.28E-03         4.32E-02         -1.42E-02
             6.60E-03         4.37E-02         -1.45E-02
             6.94E-03         4.42E-02         -1.49E-02
             7.29E-03         4.46E-02         -1.52E-02
             7.67E-03         4.49E-02         -1.55E-02
             8.06E-03         4.51E-02         -1.58E-02
             8.47E-03         4.51E-02         -1.61E-02
             8.91E-03         4.50E-02         -1.64E-02
             9.36E-03         4.48E-02         -1.67E-02
             9.84E-03         4.44E-02         -1.69E-02
             1.03E-02         4.39E-02         -1.71E-02
             1.09E-02         4.31E-02         -1.73E-02
             1.14E-02         4.22E-02         -1.75E-02
             1.20E-02         4.10E-02         -1.76E-02
             1.26E-02         3.97E-02         -1.76E-02
             1.33E-02         3.81E-02         -1.77E-02
             1.40E-02         3.62E-02         -1.77E-02
             1.47E-02         3.41E-02         -1.76E-02
             1.54E-02         3.17E-02         -1.75E-02
             1.62E-02         2.90E-02         -1.73E-02
             1.71E-02         2.61E-02         -1.71E-02
             1.79E-02         2.28E-02         -1.68E-02
             1.89E-02         1.93E-02         -1.65E-02
             1.98E-02         1.55E-02         -1.61E-02
             2.08E-02         1.14E-02         -1.56E-02
             2.19E-02         7.03E-03         -1.50E-02
             2.30E-02         2.40E-03         -1.44E-02
            -2.42E-02         2.47E-03         -1.37E-02
            -2.55E-02         7.55E-03         -1.29E-02
            -2.68E-02         1.28E-02         -1.21E-02
            -2.81E-02         1.82E-02         -1.12E-02
            -2.96E-02         2.37E-02         -1.02E-02
            -3.11E-02         2.92E-02         -9.13E-03
            -3.27E-02         3.48E-02         -8.01E-03
            -3.44E-02         4.02E-02         -6.85E-03
            -3.61E-02         4.55E-02         -5.63E-03
            -3.80E-02         5.06E-02         -4.38E-03
            -3.99E-02         5.53E-02         -3.10E-03
            -4.20E-02         5.96E-02         -1.80E-03
            -4.41E-02         6.33E-02         -4.95E-04
            -4.64E-02         6.65E-02          8.02E-04
            -4.88E-02         6.89E-02          2.08E-03
            -5.13E-02         7.05E-02          3.31E-03
            -5.39E-02         7.11E-02          4.50E-03
            -5.67E-02         7.08E-02          5.61E-03
            -5.96E-02         6.93E-02          6.63E-03
            -6.26E-02         6.66E-02          7.55E-03
            -6.58E-02         6.27E-02          8.35E-03
            -6.92E-02         5.75E-02          9.02E-03
            -7.27E-02         5.10E-02          9.53E-03
            -7.65E-02         4.33E-02          9.88E-03
            -8.04E-02         3.43E-02          1.01E-02
            -8.45E-02         2.42E-02          1.01E-02
            -8.88E-02         1.31E-02          9.89E-03
            -9.34E-02         1.17E-03          9.52E-03
             9.82E-02         1.14E-02          8.98E-03
             1.03E-01         2.43E-02          8.27E-03
             1.09E-01         3.74E-02          7.40E-03
             1.14E-01         5.02E-02          6.39E-03
             1.20E-01         6.24E-02          5.25E-03
             1.26E-01         7.37E-02          4.02E-03
             1.33E-01         8.37E-02          2.72E-03
             1.39E-01         9.19E-02          1.39E-03
             1.46E-01         9.81E-02          5.19E-05
             1.54E-01         1.02E-01         -1.25E-03
             1.62E-01         1.03E-01         -2.49E-03
             1.70E-01         1.01E-01         -3.63E-03
             1.79E-01         9.59E-02         -4.64E-03
             1.88E-01         8.77E-02         -5.49E-03
             1.98E-01         7.63E-02         -6.16E-03
             2.08E-01         6.18E-02         -6.62E-03
             2.19E-01         4.47E-02         -6.87E-03
             2.30E-01         2.52E-02         -6.91E-03
             2.42E-01         3.78E-03         -6.72E-03
            -2.54E-01         1.89E-02         -6.33E-03
            -2.67E-01         4.20E-02         -5.75E-03
            -2.81E-01         6.50E-02         -5.00E-03
            -2.95E-01         8.68E-02         -4.12E-03
            -3.10E-01         1.07E-01         -3.13E-03
            -3.26E-01         1.24E-01         -2.08E-03
            -3.43E-01         1.37E-01         -1.00E-03
            -3.60E-01         1.47E-01          6.32E-05
            -3.79E-01         1.51E-01          1.08E-03
            -3.98E-01         1.51E-01          2.00E-03
            -4.19E-01         1.45E-01          2.81E-03
            -4.40E-01         1.33E-01          3.48E-03
            -4.63E-01         1.16E-01          3.99E-03
            -4.86E-01         9.40E-02          4.34E-03
            -5.11E-01         6.76E-02          4.53E-03
            -5.37E-01         3.75E-02          4.55E-03
            -5.65E-01         4.53E-03          4.42E-03
             5.94E-01         3.03E-02          4.16E-03
             6.24E-01         6.59E-02          3.78E-03
             6.56E-01         1.01E-01          3.31E-03
             6.90E-01         1.35E-01          2.77E-03
             7.26E-01         1.67E-01          2.18E-03
             7.63E-01         1.95E-01          1.56E-03
             8.02E-01         2.19E-01          9.43E-04
             8.43E-01         2.37E-01          3.39E-04
             8.86E-01         2.50E-01         -2.32E-04
             9.32E-01         2.57E-01         -7.57E-04
             9.79E-01         2.56E-01         -1.22E-03
             1.03E+00         2.49E-01         -1.62E-03
             1.08E+00         2.35E-01         -1.96E-03
             1.14E+00         2.15E-01         -2.21E-03
             1.20E+00         1.88E-01         -2.40E-03
             1.26E+00         1.55E-01         -2.51E-03
             1.32E+00         1.17E-01         -2.56E-03
             1.39E+00         7.44E-02         -2.55E-03
             1.46E+00         2.78E-02         -2.48E-03
            -1.54E+00         2.20E-02         -2.37E-03
            -1.61E+00         7.41E-02         -2.22E-03
            -1.70E+00         1.28E-01         -2.04E-03
            -1.78E+00         1.82E-01         -1.84E-03
            -1.88E+00         2.35E-01         -1.61E-03
            -1.97E+00         2.88E-01         -1.38E-03
            -2.07E+00         3.38E-01         -1.14E-03
            -2.18E+00         3.86E-01         -8.94E-04
            -2.29E+00         4.30E-01         -6.55E-04
            -2.41E+00         4.70E-01         -4.24E-04
            -2.53E+00         5.05E-01         -2.04E-04
            -2.66E+00         5.34E-01          3.04E-06
            -2.80E+00         5.58E-01          1.93E-04
            -2.94E+00         5.75E-01          3.65E-04
            -3.09E+00         5.86E-01          5.16E-04
            -3.25E+00         5.90E-01          6.45E-04
            -3.42E+00         5.87E-01          7.51E-04
            -3.59E+00         5.78E-01          8.34E-04
            -3.78E+00         5.63E-01          8.93E-04
            -3.97E+00         5.42E-01          9.30E-04
            -4.18E+00         5.16E-01          9.46E-04
            -4.39E+00         4.86E-01          9.41E-04
            -4.61E+00         4.52E-01          9.18E-04
            -4.85E+00         4.15E-01          8.80E-04
            -5.10E+00         3.77E-01          8.28E-04
            -5.36E+00         3.38E-01          7.66E-04
            -5.64E+00         2.98E-01          6.97E-04
            -5.92E+00         2.60E-01          6.24E-04
            -6.23E+00         2.23E-01          5.48E-04
            -6.55E+00         1.89E-01          4.74E-04
            -6.88E+00         1.57E-01          4.02E-04
            -7.24E+00         1.29E-01          3.35E-04
            -7.61E+00         1.04E-01          2.74E-04
            -8.00E+00         8.21E-02          2.20E-04
            -8.41E+00         6.37E-02          1.73E-04
            -8.84E+00         4.85E-02          1.34E-04
            -9.29E+00         3.61E-02          1.01E-04
            -9.77E+00         2.63E-02          7.42E-05
            -1.03E+01         1.88E-02          5.34E-05
            -1.08E+01         1.31E-02          3.75E-05
            -1.13E+01         8.87E-03          2.57E-05
            -1.19E+01         5.86E-03          1.71E-05
            -1.25E+01         3.77E-03          1.11E-05
            -1.32E+01         2.36E-03          6.98E-06
            -1.39E+01         1.43E-03          4.26E-06
            -1.46E+01         8.39E-04          2.52E-06
