          0           0           0
 1.0254E-07  9.7359E-07 -6.9893E-11
 2.1034E-07  1.9971E-06 -2.9409E-10
 3.2367E-07  3.0731E-06 -5.0922E-10
 4.4281E-07  4.2042E-06 -9.0674E-10
 5.6805E-07  5.3934E-06 -1.4585E-09
 6.9972E-07  6.6435E-06 -2.1926E-09
 8.3814E-07  7.9577E-06 -3.1324E-09
 9.8365E-07  9.3393E-06 -4.3035E-09
 1.1366E-06 0.000010792 -5.7388E-09
 1.2974E-06 0.000012319 -7.4707E-09
 1.4665E-06 0.000013924 -9.5395E-09
 1.6442E-06 0.000015611-0.000000012
 1.8311E-06 0.000017385 -1.4862E-08
 2.0275E-06  0.00001925 -1.8217E-08
0.000002234 0.000021211 -2.2112E-08
 2.4511E-06 0.000023272 -2.6614E-08
 2.6793E-06 0.000025439 -3.1795E-08
 2.9192E-06 0.000027716 -3.7738E-08
 3.1714E-06 0.000030111 -4.4532E-08
 3.4366E-06 0.000032628 -5.2279E-08
 3.7153E-06 0.000035275 -6.1091E-08
 4.0083E-06 0.000038057 -7.1091E-08
 4.3164E-06 0.000040982 -8.2417E-08
 4.6402E-06 0.000044057 -9.5221E-08
 4.9807E-06 0.000047289 -1.0967E-07
 5.3386E-06 0.000050687-0.000000126
 5.7149E-06 0.000054259 -1.4427E-07
 6.1104E-06 0.000058015 -1.6486E-07
 6.5262E-06 0.000061963-0.000000188
 6.9634E-06 0.000066113 -2.1387E-07
 7.4229E-06 0.000070476 -2.4288E-07
 7.9061E-06 0.000075063 -2.7533E-07
0.000008414 0.000079884 -3.1159E-07
 8.9479E-06 0.000084954 -3.5207E-07
 9.5092E-06 0.000090282 -3.9723E-07
0.000010099 0.000095884 -4.4756E-07
 0.00001072  0.00010177 -5.0361E-07
0.000011372  0.00010796-0.000000566
0.000012057  0.00011447 -6.3528E-07
0.000012778  0.00012131 -7.1227E-07
0.000013536  0.00012851 -7.9771E-07
0.000014332  0.00013607 -8.9245E-07
 0.00001517  0.00014402  -9.974E-07
 0.00001605  0.00015237 -1.1136E-06
0.000016975  0.00016116-0.000001242
0.000017948  0.00017039 -1.3839E-06
0.000018971   0.0001801 -1.5405E-06
0.000020046   0.0001903 -1.7132E-06
0.000021177  0.00020103 -1.9032E-06
0.000022365  0.00021231 -2.1122E-06
0.000023614  0.00022416 -2.3418E-06
0.000024927  0.00023662 -2.5935E-06
0.000026308  0.00024972 -2.8691E-06
0.000027759  0.00026349 -3.1704E-06
0.000029285  0.00027797 -3.4991E-06
0.000030889  0.00029318-0.000003857
0.000032576  0.00030918 -4.2459E-06
0.000034348  0.00032599 -4.6675E-06
0.000036212  0.00034366 -5.1234E-06
0.000038171  0.00036224-0.000005615
0.000040231  0.00038177 -6.1438E-06
0.000042396   0.0004023 -6.7109E-06
0.000044672  0.00042388 -7.3172E-06
0.000047065  0.00044656 -7.9634E-06
0.000049581   0.0004704 -8.6502E-06
0.000052225  0.00049546 -9.3777E-06
0.000055005   0.0005218-0.000010146
0.000057928  0.00054949-0.000010956
0.000061001   0.0005786-0.000011808
0.000064231  0.00060919-0.000012701
0.000067627  0.00064135-0.000013637
0.000071196  0.00067516-0.000014616
0.000074949  0.00071069-0.000015638
0.000078895  0.00074804-0.000016706
0.000083042   0.0007873 -0.00001782
0.000087402  0.00082856-0.000018983
0.000091986  0.00087194-0.000020196
0.000096805  0.00091753-0.000021462
 0.00010187  0.00096546-0.000022784
  0.0001072   0.0010158-0.000024164
 0.00011279   0.0010688-0.000025606
 0.00011868   0.0011244-0.000027113
 0.00012487   0.0011829-0.000028688
 0.00013137   0.0012444-0.000030337
 0.00013821   0.0013091-0.000032062
  0.0001454    0.001377-0.000033867
 0.00015296   0.0014484-0.000035758
  0.0001609   0.0015234-0.000037739
 0.00016925   0.0016023-0.000039815
 0.00017803   0.0016852-0.000041991
 0.00018726   0.0017724-0.000044273
 0.00019697    0.001864-0.000046666
 0.00020717   0.0019603-0.000049176
 0.00021789   0.0020615-0.000051809
 0.00022917   0.0021678-0.000054572
 0.00024102   0.0022796-0.000057472
 0.00025348   0.0023971-0.000060515
 0.00026658   0.0025206 -0.00006371
 0.00028035   0.0026503-0.000067065
 0.00029483   0.0027867-0.000070586
 0.00031004   0.0029301-0.000074285
 0.00032604   0.0030807-0.000078168
 0.00034286   0.0032391-0.000082247
 0.00036054   0.0034055 -0.00008653
 0.00037913   0.0035803-0.000091029
 0.00039867   0.0037641-0.000095755
 0.00041922   0.0039572 -0.00010072
 0.00044081   0.0041602 -0.00010593
 0.00046352   0.0043735 -0.00011141
 0.00048738   0.0045976 -0.00011717
 0.00051248   0.0048332 -0.00012321
 0.00053885   0.0050807 -0.00012956
 0.00056658   0.0053407 -0.00013623
 0.00059573    0.005614 -0.00014324
 0.00062638   0.0059012 -0.00015061
  0.0006586   0.0062029 -0.00015835
 0.00069247   0.0065199 -0.00016647
 0.00072807    0.006853 -0.00017501
 0.00076551    0.007203 -0.00018398
 0.00080486   0.0075707 -0.00019341
 0.00084623   0.0079569 -0.00020331
 0.00088972   0.0083628 -0.00021371
 0.00093543   0.0087891 -0.00022464
  0.0009835    0.009237 -0.00023612
   0.001034   0.0097075 -0.00024818
  0.0010871    0.010202 -0.00026085
   0.001143    0.010721 -0.00027416
  0.0012017    0.011266 -0.00028814
  0.0012634    0.011839 -0.00030282
  0.0013283     0.01244 -0.00031824
  0.0013965    0.013072 -0.00033444
  0.0014682    0.013735 -0.00035145
  0.0015436    0.014432 -0.00036932
  0.0016228    0.015163 -0.00038809
  0.0017061    0.015931 -0.00040779
  0.0017937    0.016738 -0.00042849
  0.0018858    0.017584 -0.00045021
  0.0019825    0.018473 -0.00047303
  0.0020843    0.019406 -0.00049698
  0.0021913    0.020385 -0.00052213
  0.0023037    0.021413 -0.00054853
  0.0024219    0.022492 -0.00057625
  0.0025462    0.023624 -0.00060534
  0.0026769    0.024812 -0.00063587
  0.0028142    0.026058 -0.00066791
  0.0029586    0.027365 -0.00070154
  0.0031104    0.028737 -0.00073683
    0.00327    0.030175 -0.00077385
  0.0034377    0.031684 -0.00081269
  0.0036141    0.033266 -0.00085344
  0.0037995    0.034925 -0.00089618
  0.0039944    0.036663   -0.000941
  0.0041993    0.038486 -0.00098801
  0.0044147    0.040396  -0.0010373
  0.0046411    0.042398   -0.001089
  0.0048792    0.044495  -0.0011431
  0.0051295    0.046692  -0.0011999
  0.0053926    0.048993  -0.0012594
  0.0056691    0.051402  -0.0013217
  0.0059599    0.053924   -0.001387
  0.0062656    0.056564  -0.0014554
  0.0065869    0.059327  -0.0015271
  0.0069248    0.062217  -0.0016021
  0.0072799     0.06524  -0.0016806
  0.0076533    0.068401  -0.0017627
  0.0080457    0.071705  -0.0018487
  0.0084584    0.075158  -0.0019386
  0.0088921    0.078765  -0.0020326
  0.0093481    0.082532   -0.002131
  0.0098275    0.086465  -0.0022337
   0.010332     0.09057  -0.0023411
   0.010861    0.094851  -0.0024532
   0.011418    0.099316  -0.0025703
   0.012004     0.10397  -0.0026926
   0.012619     0.10882  -0.0028201
   0.013266     0.11386  -0.0029531
   0.013947     0.11912  -0.0030918
   0.014662     0.12458  -0.0032364
   0.015414     0.13026  -0.0033869
   0.016204     0.13616  -0.0035436
   0.017035     0.14229  -0.0037067
   0.017909     0.14865  -0.0038763
   0.018827     0.15524  -0.0040526
   0.019792     0.16206  -0.0042358
   0.020807     0.16913  -0.0044258
   0.021874     0.17643   -0.004623
   0.022996     0.18398  -0.0048274
   0.024175     0.19176  -0.0050392
   0.025414     0.19979  -0.0052583
   0.026717     0.20806  -0.0054848
   0.028087     0.21655  -0.0057189
   0.029528     0.22528  -0.0059605
   0.031042     0.23423  -0.0062095
   0.032633     0.24339   -0.006466
   0.034306     0.25275  -0.0067298
   0.036065      0.2623  -0.0070008
   0.037915     0.27202  -0.0072788
   0.039859      0.2819  -0.0075636
   0.041902     0.29191   -0.007855
   0.044051     0.30202  -0.0081525
    0.04631     0.31222  -0.0084557
   0.048684     0.32246  -0.0087643
    0.05118     0.33272  -0.0090777
   0.053804     0.34295  -0.0093951
   0.056563      0.3531   -0.009716
   0.059463     0.36313    -0.01004
   0.062512     0.37299   -0.010365
   0.065717     0.38261   -0.010691
   0.069087     0.39192   -0.011016
   0.072629     0.40087   -0.011341
   0.076353     0.40936   -0.011662
   0.080268     0.41732   -0.011979
   0.084383     0.42466   -0.012291
    0.08871     0.43127   -0.012595
   0.093258     0.43707    -0.01289
    0.09804     0.44194   -0.013174
    0.10307     0.44577   -0.013446
    0.10835     0.44844   -0.013702
    0.11391     0.44983   -0.013942
    0.11975      0.4498   -0.014163
    0.12589     0.44823   -0.014362
    0.13234     0.44497   -0.014538
    0.13913     0.43989   -0.014688
    0.14626     0.43285    -0.01481
    0.15376     0.42371   -0.014901
    0.16164     0.41232   -0.014958
    0.16993     0.39857   -0.014981
    0.17864     0.38231   -0.014966
     0.1878     0.36343   -0.014912
    0.19743     0.34181   -0.014816
    0.20755     0.31736   -0.014677
    0.21819     0.28999   -0.014492
    0.22938     0.25963   -0.014261
    0.24114     0.22624   -0.013982
    0.25351     0.18979   -0.013655
     0.2665      0.1503   -0.013279
    0.28017     0.10781   -0.012853
    0.29453     0.06238   -0.012379
    0.30963    0.014126   -0.011856
    0.32551   -0.036799   -0.011286
     0.3422   -0.090202   -0.010671
    0.35974    -0.14584   -0.010012
    0.37819    -0.20343  -0.0093131
    0.39758    -0.26262  -0.0085767
    0.41796    -0.32303  -0.0078071
    0.43939    -0.38422  -0.0070087
    0.46192     -0.4457  -0.0061867
     0.4856    -0.50694  -0.0053468
     0.5105    -0.56737  -0.0044952
    0.53667    -0.62637  -0.0036385
    0.56419    -0.68332   -0.002784
    0.59312    -0.73754  -0.0019392
    0.62352    -0.78837  -0.0011116
    0.65549    -0.83516 -0.00030924
     0.6891    -0.87723   0.0004601
    0.72443    -0.91399   0.0011887
    0.76158    -0.94485   0.0018693
    0.80062    -0.96929   0.0024949
    0.84167    -0.98689   0.0030594
    0.88482    -0.99731   0.0035573
    0.93019     -1.0003   0.0039841
    0.97788    -0.99574   0.0043366
      1.028    -0.98367   0.0046128
     1.0807    -0.96421   0.0048118
     1.1361    -0.93768   0.0049344
     1.1944     -0.9045   0.0049826
     1.2556    -0.86523   0.0049599
       1.32    -0.82058   0.0048712
     1.3877    -0.77135   0.0047224
     1.4588    -0.71842   0.0045207
     1.5336    -0.66277   0.0042739
     1.6123     -0.6054   0.0039908
     1.6949    -0.54731   0.0036801
     1.7818     -0.4895   0.0033511
     1.8732    -0.43291   0.0030125
     1.9692    -0.37841   0.0026727
     2.0702    -0.32674   0.0023394
     2.1763    -0.27854   0.0020193
     2.2879    -0.23429   0.0017181
     2.4052    -0.19432   0.0014402
     2.5285    -0.15882   0.0011886
     2.6582    -0.12782  0.00096532
     2.7945    -0.10122  0.00077089
     2.9377   -0.078815  0.00060492
     3.0883   -0.060287  0.00046607
     3.2467   -0.045262  0.00035228
     3.4132   -0.033323  0.00026099
     3.5881   -0.024035  0.00018935
     3.7721   -0.016966  0.00013439
     3.9655   -0.011707 0.000093216
     4.1688  -0.0078892 0.000063116
     4.3826   -0.005185 0.000041669
     4.6073  -0.0033195  0.00002679
     4.8435  -0.0020675 0.000016751
     5.0918  -0.0012509 0.000010173
     5.3529 -0.00073418  5.9914E-06
     5.6273 -0.00041735 0.000003417
     5.9159 -0.00022941  1.8841E-06
     6.2192 -0.00012173  1.0027E-06
      6.538-0.000062244  5.1408E-07
     6.8732 -0.00003061  2.5346E-07
     7.2256-0.000014449  1.1993E-07
     7.5961 -6.5331E-06  5.4352E-08
     7.9856 -2.8233E-06  2.3539E-08
      8.395 -1.1634E-06  9.7194E-09
     8.8254-0.000000456   3.817E-09
     9.2779 -1.6958E-07  1.4221E-09
     9.7536 -5.9671E-08  5.0123E-10
     10.254 -1.9803E-08  1.6661E-10
     10.779 -6.2107E-09  5.2319E-11
     11.332 -1.5352E-09  1.2948E-11
     11.913 -3.4174E-10  2.8806E-12
