    0.0000000000D+00    0.0000000000D+00    0.0000000000D+00
    0.1475929836D-03    0.5223295432D-03    0.2183611140D-02
    0.1551617026D-03    0.5568865033D-03    0.2281489331D-02
    0.1631184781D-03    0.5927137201D-03    0.2383459109D-02
    0.1714832062D-03    0.6298826582D-03    0.2489699495D-02
    0.1802768031D-03    0.6684759158D-03    0.2600395274D-02
    0.1895212573D-03    0.7085847031D-03    0.2715737602D-02
    0.1992396849D-03    0.7503074473D-03    0.2835924496D-02
    0.2094563868D-03    0.7937491754D-03    0.2961161229D-02
    0.2201969103D-03    0.8390213917D-03    0.3091660667D-02
    0.2314881122D-03    0.8862422577D-03    0.3227643548D-02
    0.2433582264D-03    0.9355369557D-03    0.3369338752D-02
    0.2558369344D-03    0.9870381665D-03    0.3516983542D-02
    0.2689554394D-03    0.1040886627D-02    0.3670823807D-02
    0.2827465445D-03    0.1097231749D-02    0.3831114287D-02
    0.2972447348D-03    0.1156232299D-02    0.3998118803D-02
    0.3124862631D-03    0.1218057132D-02    0.4172110471D-02
    0.3285092413D-03    0.1282885982D-02    0.4353371909D-02
    0.3453537351D-03    0.1350910329D-02    0.4542195440D-02
    0.3630618647D-03    0.1422334319D-02    0.4738883274D-02
    0.3816779094D-03    0.1497375773D-02    0.4943747680D-02
    0.4012484192D-03    0.1576267270D-02    0.5157111138D-02
    0.4218223304D-03    0.1659257319D-02    0.5379306476D-02
    0.4434510887D-03    0.1746611627D-02    0.5610676975D-02
    0.4661887771D-03    0.1838614471D-02    0.5851576449D-02
    0.4900922517D-03    0.1935570178D-02    0.6102369299D-02
    0.5152212837D-03    0.2037804729D-02    0.6363430527D-02
    0.5416387086D-03    0.2145667493D-02    0.6635145703D-02
    0.5694105839D-03    0.2259533093D-02    0.6917910896D-02
    0.5986063538D-03    0.2379803436D-02    0.7212132548D-02
    0.6292990227D-03    0.2506909894D-02    0.7518227288D-02
    0.6615653384D-03    0.2641315669D-02    0.7836621683D-02
    0.6954859836D-03    0.2783518334D-02    0.8167751911D-02
    0.7311457773D-03    0.2934052594D-02    0.8512063362D-02
    0.7686338878D-03    0.3093493245D-02    0.8870010130D-02
    0.8080440549D-03    0.3262458375D-02    0.9242054427D-02
    0.8494748244D-03    0.3441612815D-02    0.9628665863D-02
    0.8930297948D-03    0.3631671847D-02    0.1003032062D-01
    0.9388178764D-03    0.3833405203D-02    0.1044750047D-01
    0.9869535631D-03    0.4047641359D-02    0.1088069167D-01
    0.1037557219D-02    0.4275272152D-02    0.1133038366D-01
    0.1090755380D-02    0.4517257732D-02    0.1179706762D-01
    0.1146681069D-02    0.4774631880D-02    0.1228123477D-01
    0.1205474130D-02    0.5048507692D-02    0.1278337453D-01
    0.1267281575D-02    0.5340083669D-02    0.1330397236D-01
    0.1332257956D-02    0.5650650221D-02    0.1384350743D-01
    0.1400565747D-02    0.5981596600D-02    0.1440244992D-01
    0.1472375753D-02    0.6334418286D-02    0.1498125812D-01
    0.1547867537D-02    0.6710724841D-02    0.1558037509D-01
    0.1627229868D-02    0.7112248237D-02    0.1620022506D-01
    0.1710661192D-02    0.7540851670D-02    0.1684120939D-01
    0.1798370132D-02    0.7998538874D-02    0.1750370215D-01
    0.1890576005D-02    0.8487463920D-02    0.1818804527D-01
    0.1987509374D-02    0.9009941506D-02    0.1889454315D-01
    0.2089412624D-02    0.9568457732D-02    0.1962345684D-01
    0.2196540565D-02    0.1016568131D-01    0.2037499770D-01
    0.2309161073D-02    0.1080447522D-01    0.2114932037D-01
    0.2427555757D-02    0.1148790873D-01    0.2194651528D-01
    0.2552020667D-02    0.1221926971D-01    0.2276660046D-01
    0.2682867030D-02    0.1300207726D-01    0.2360951265D-01
    0.2820422029D-02    0.1384009439D-01    0.2447509781D-01
    0.2965029623D-02    0.1473734081D-01    0.2536310079D-01
    0.3117051408D-02    0.1569810550D-01    0.2627315434D-01
    0.3276867516D-02    0.1672695909D-01    0.2720476733D-01
    0.3444877571D-02    0.1782876561D-01    0.2815731214D-01
    0.3621501686D-02    0.1900869355D-01    0.2913001128D-01
    0.3807181513D-02    0.2027222575D-01    0.3012192325D-01
    0.4002381348D-02    0.2162516798D-01    0.3113192750D-01
    0.4207589293D-02    0.2307365553D-01    0.3215870875D-01
    0.4423318474D-02    0.2462415759D-01    0.3320074044D-01
    0.4650108326D-02    0.2628347868D-01    0.3425626753D-01
    0.4888525943D-02    0.2805875656D-01    0.3532328872D-01
    0.5139167493D-02    0.2995745596D-01    0.3639953800D-01
    0.5402659710D-02    0.3198735716D-01    0.3748246588D-01
    0.5679661461D-02    0.3415653865D-01    0.3856922019D-01
    0.5970865396D-02    0.3647335270D-01    0.3965662691D-01
    0.6276999676D-02    0.3894639281D-01    0.4074117084D-01
    0.6598829797D-02    0.4158445157D-01    0.4181897682D-01
    0.6937160500D-02    0.4439646764D-01    0.4288579133D-01
    0.7292837789D-02    0.4739146030D-01    0.4393696514D-01
    0.7666751043D-02    0.5057844972D-01    0.4496743722D-01
    0.8059835240D-02    0.5396636123D-01    0.4597172039D-01
    0.8473073294D-02    0.5756391159D-01    0.4694388922D-01
    0.8907498517D-02    0.6137947511D-01    0.4787757078D-01
    0.9364197196D-02    0.6542092747D-01    0.4876593879D-01
    0.9844311318D-02    0.6969546491D-01    0.4960171195D-01
    0.1034904142D-01    0.7420939655D-01    0.5037715721D-01
    0.1087964958D-01    0.7896790735D-01    0.5108409881D-01
    0.1143746261D-01    0.8397478964D-01    0.5171393407D-01
    0.1202387532D-01    0.8923214096D-01    0.5225765682D-01
    0.1264035406D-01    0.9474002634D-01    0.5270588972D-01
    0.1328844033D-01    0.1004961035D+00    0.5304892631D-01
    0.1396975470D-01    0.1064952097D+00    0.5327678418D-01
    0.1468600081D-01    0.1127289105D+00    0.5337927028D-01
    0.1543896964D-01    0.1191850094D+00    0.5334605966D-01
    0.1623054400D-01    0.1258470215D+00    0.5316678859D-01
    0.1706270325D-01    0.1326936124D+00    0.5283116335D-01
    0.1793752822D-01    0.1396980079D+00    0.5232908540D-01
    0.1885720642D-01    0.1468273794D+00    0.5165079390D-01
    0.1982403753D-01    0.1540422142D+00    0.5078702605D-01
    0.2084043914D-01    0.1612956813D+00    0.4972919539D-01
    0.2190895277D-01    0.1685330057D+00    0.4846958812D-01
    0.2303225026D-01    0.1756908696D+00    0.4700157668D-01
    0.2421314045D-01    0.1826968594D+00    0.4531984948D-01
    0.2545457617D-01    0.1894689834D+00    0.4342065492D-01
    0.2675966166D-01    0.1959152891D+00    0.4130205720D-01
    0.2813166032D-01    0.2019336120D+00    0.3896420047D-01
    0.2957400285D-01    0.2074114924D+00    0.3640957693D-01
    0.3109029587D-01    0.2122263018D+00    0.3364329367D-01
    0.3268433089D-01    0.2162456238D+00    0.3067333187D-01
    0.3436009383D-01    0.2193279365D+00    0.2751079093D-01
    0.3612177498D-01    0.2213236458D+00    0.2417010914D-01
    0.3797377945D-01    0.2220765242D+00    0.2066925160D-01
    0.3992073822D-01    0.2214256007D+00    0.1702985513D-01
    0.4196751970D-01    0.2192075549D+00    0.1327731927D-01
    0.4411924192D-01    0.2152596554D+00    0.9440832135D-02
    0.4638128529D-01    0.2094232787D+00    0.5553319545D-02
    0.4875930610D-01    0.2015480331D+00    0.1651306145D-02
    0.5125925065D-01    0.1914964959D+00   -0.2225322354D-02
    0.5388737009D-01    0.1791495525D+00   -0.6033665593D-02
    0.5665023610D-01    0.1644123034D+00   -0.9728272013D-02
    0.5955475728D-01    0.1472204733D+00   -0.1326172567D-01
    0.6260819645D-01    0.1275472242D+00   -0.1658536012D-01
    0.6581818878D-01    0.1054102332D+00   -0.1965009974D-01
    0.6919276095D-01    0.8087885238D-01   -0.2240742488D-01
    0.7274035113D-01    0.5408112202D-01   -0.2481045228D-01
    0.7646983015D-01    0.2521035528D-01   -0.2681511660D-01
    0.8039052364D-01   -0.5469033138D-02   -0.2838143230D-01
    0.8451223539D-01   -0.3761683068D-01   -0.2947480790D-01
    0.8884527183D-01   -0.7081387784D-01   -0.3006737694D-01
    0.9340046778D-01   -0.1045609089D+00   -0.3013930190D-01
    0.9818921364D-01   -0.1382798363D+00   -0.2967999995D-01
    0.1032234837D+00   -0.1713179203D+00   -0.2868923308D-01
    0.1085158664D+00   -0.2029552282D+00   -0.2717800078D-01
    0.1140795953D+00   -0.2324157136D+00   -0.2516917228D-01
    0.1199285827D+00   -0.2588821438D+00   -0.2269779804D-01
    0.1260774541D+00   -0.2815149600D+00   -0.1981104732D-01
    0.1325415848D+00   -0.2994749834D+00   -0.1656773108D-01
    0.1393371387D+00   -0.3119496801D+00   -0.1303738585D-01
    0.1464811080D+00   -0.3181824810D+00   -0.9298914587D-02
    0.1539913565D+00   -0.3175044253D+00   -0.5438803073D-02
    0.1618866636D+00   -0.3093671794D+00   -0.1548952182D-02
    0.1701867718D+00   -0.2933762713D+00    0.2275812779D-02
    0.1789124356D+00   -0.2693232050D+00    0.5940478244D-02
    0.1880854738D+00   -0.2372149633D+00    0.9352734613D-02
    0.1977288238D+00   -0.1972992988D+00    0.1242592783D-01
    0.2078665988D+00   -0.1500841408D+00    0.1508196982D-01
    0.2185241487D+00   -0.9634943206D-01    0.1725410510D-01
    0.2297281229D+00   -0.3714976067D-01    0.1888942870D-01
    0.2415065370D+00    0.2619369829D-01    0.1995104643D-01
    0.2538888434D+00    0.9211315037D-01    0.2041976419D-01
    0.2669060043D+00    0.1588268523D+00    0.2029518971D-01
    0.2805905692D+00    0.2243846791D+00    0.1959613315D-01
    0.2949767568D+00    0.2867259995D+00    0.1836020780D-01
    0.3101005400D+00    0.3437483370D+00    0.1664256383D-01
    0.3259997361D+00    0.3933842792D+00    0.1451373896D-01
    0.3427141015D+00    0.4336831108D+00    0.1205667900D-01
    0.3602854307D+00    0.4628928292D+00    0.9363060759D-02
    0.3787576612D+00    0.4795376990D+00    0.6529129264D-02
    0.3981769832D+00    0.4824864397D+00    0.3651324751D-02
    0.4185919551D+00    0.4710065773D+00    0.8220106028D-03
    0.4400536251D+00    0.4448014152D+00   -0.1874389315D-02
    0.4626156583D+00    0.4040273883D+00   -0.4364578032D-02
    0.4863344718D+00    0.3492910838D+00   -0.6588708141D-02
    0.5112693748D+00    0.2816267387D+00   -0.8501747632D-02
    0.5374827177D+00    0.2024563415D+00   -0.1007389798D-01
    0.5650400474D+00    0.1135354361D+00   -0.1129016191D-01
    0.5940102716D+00    0.1688825934D-01   -0.1214922148D-01
    0.6244658309D+00   -0.8526404684D-01   -0.1266181854D-01
    0.6564828802D+00   -0.1905786324D+00   -0.1284883099D-01
    0.6901414787D+00   -0.2966664739D+00   -0.1273921526D-01
    0.7255257904D+00   -0.4011656881D+00   -0.1236794875D-01
    0.7627242946D+00   -0.5018105451D+00   -0.1177406506D-01
    0.8018300069D+00   -0.5964944724D+00   -0.1099883899D-01
    0.8429407119D+00   -0.6833255994D+00   -0.1008415127D-01
    0.8861592078D+00   -0.7606735576D+00   -0.9071047836D-02
    0.9315935635D+00   -0.8272064060D+00   -0.7998501670D-02
    0.9793573883D+00   -0.8819167379D+00   -0.6902384771D-02
    0.1029570117D+01   -0.9241363204D+00   -0.5814658858D-02
    0.1082357307D+01   -0.9535390175D+00   -0.4762792604D-02
    0.1137850954D+01   -0.9701322486D+00   -0.3769408977D-02
    0.1196189822D+01   -0.9742377774D+00   -0.2852158143D-02
    0.1257519787D+01   -0.9664631510D+00   -0.2023800660D-02
    0.1321994206D+01   -0.9476655314D+00   -0.1292474497D-02
    0.1389774300D+01   -0.9189099447D+00   -0.6621099691D-03
    0.1461029554D+01   -0.8814240710D+00   -0.1329506937D-03
    0.1535938142D+01   -0.8365516264D+00    0.2978628047D-03
    0.1614687376D+01   -0.7857061703D+00    0.6356873845D-03
    0.1697474170D+01   -0.7303268645D+00    0.8877836249D-03
    0.1784505533D+01   -0.6718373639D+00    0.1062759903D-02
    0.1875999090D+01   -0.6116086955D+00    0.1170070853D-02
    0.1972183621D+01   -0.5509267160D+00    0.1219578601D-02
    0.2073299639D+01   -0.4909645423D+00    0.1221178697D-02
    0.2179599986D+01   -0.4327602349D+00    0.1184488389D-02
    0.2291350469D+01   -0.3771999429D+00    0.1118592814D-02
    0.2408830521D+01   -0.3250066782D+00    0.1031844354D-02
    0.2532333904D+01   -0.2767348233D+00    0.9317111848D-03
    0.2662169441D+01   -0.2327703821D+00    0.8246722062D-03
    0.2798661789D+01   -0.1933368267D+00    0.7161564808D-03
    0.2942152248D+01   -0.1585061810D+00    0.6105255538D-03
    0.3092999621D+01   -0.1282147397D+00    0.5110964833D-03
    0.3251581105D+01   -0.1022825605D+00    0.4202021226D-03
    0.3418293234D+01   -0.8043564610D-01    0.3392834731D-03
    0.3593552878D+01   -0.6232957292D-01    0.2690071616D-03
    0.3777798275D+01   -0.4757325624D-01    0.2093996814D-03
    0.3971490136D+01   -0.3575158688D-01    0.1599892894D-03
    0.4175112791D+01   -0.2644582438D-01    0.1199465391D-03
    0.4389175403D+01   -0.1925087277D-01    0.8821535568D-04
    0.4614213239D+01   -0.1378886807D-01    0.6362818517D-04
    0.4850789012D+01   -0.9718835262D-02    0.4500083051D-04
    0.5099494285D+01   -0.6742489704D-02    0.3120483409D-04
    0.5360950949D+01   -0.4606532244D-02    0.2121739963D-04
    0.5635812783D+01   -0.3101992982D-02    0.1415064006D-04
    0.5924767085D+01   -0.2061304058D-02    0.9263242643D-05
    0.6228536391D+01   -0.1353823956D-02    0.5958398887D-05
    0.6547880282D+01   -0.8805035695D-03    0.3772070660D-05
    0.6883597284D+01   -0.5682934630D-03    0.2355438353D-05
