    0.00000E+00    0.00000E+00    0.00000E+00
    0.10254E-06    0.41475E-06   -0.59946E-10
    0.21034E-06    0.85076E-06   -0.25224E-09
    0.32367E-06    0.13091E-05   -0.43528E-09
    0.44281E-06    0.17910E-05   -0.78076E-09
    0.56805E-06    0.22976E-05   -0.12451E-08
    0.69972E-06    0.28301E-05   -0.18884E-08
    0.83814E-06    0.33900E-05   -0.26781E-08
    0.98365E-06    0.39785E-05   -0.36987E-08
    0.11366E-05    0.45972E-05   -0.49170E-08
    0.12974E-05    0.52477E-05   -0.64114E-08
    0.14665E-05    0.59315E-05   -0.81811E-08
    0.16442E-05    0.66503E-05   -0.10284E-07
    0.18311E-05    0.74060E-05   -0.12749E-07
    0.20275E-05    0.82005E-05   -0.15629E-07
    0.22340E-05    0.90357E-05   -0.18971E-07
    0.24511E-05    0.99137E-05   -0.22834E-07
    0.26793E-05    0.10837E-04   -0.27281E-07
    0.29192E-05    0.11807E-04   -0.32383E-07
    0.31714E-05    0.12827E-04   -0.38216E-07
    0.34366E-05    0.13899E-04   -0.44869E-07
    0.37153E-05    0.15027E-04   -0.52438E-07
    0.40083E-05    0.16212E-04   -0.61029E-07
    0.43164E-05    0.17458E-04   -0.70762E-07
    0.46402E-05    0.18767E-04   -0.81768E-07
    0.49807E-05    0.20144E-04   -0.94194E-07
    0.53386E-05    0.21592E-04   -0.10820E-06
    0.57149E-05    0.23113E-04   -0.12397E-06
    0.61104E-05    0.24713E-04   -0.14170E-06
    0.65262E-05    0.26395E-04   -0.16160E-06
    0.69634E-05    0.28162E-04   -0.18393E-06
    0.74229E-05    0.30021E-04   -0.20896E-06
    0.79061E-05    0.31974E-04   -0.23697E-06
    0.84140E-05    0.34028E-04   -0.26830E-06
    0.89479E-05    0.36187E-04   -0.30332E-06
    0.95092E-05    0.38456E-04   -0.34243E-06
    0.10099E-04    0.40842E-04   -0.38607E-06
    0.10720E-04    0.43350E-04   -0.43472E-06
    0.11372E-04    0.45986E-04   -0.48894E-06
    0.12057E-04    0.48758E-04   -0.54932E-06
    0.12778E-04    0.51671E-04   -0.61650E-06
    0.13536E-04    0.54733E-04   -0.69122E-06
    0.14332E-04    0.57952E-04   -0.77427E-06
    0.15170E-04    0.61336E-04   -0.86652E-06
    0.16050E-04    0.64893E-04   -0.96893E-06
    0.16975E-04    0.68631E-04   -0.10825E-05
    0.17948E-04    0.72561E-04   -0.12085E-05
    0.18971E-04    0.76692E-04   -0.13481E-05
    0.20046E-04    0.81034E-04   -0.15027E-05
    0.21177E-04    0.85598E-04   -0.16737E-05
    0.22365E-04    0.90394E-04   -0.18629E-05
    0.23614E-04    0.95436E-04   -0.20719E-05
    0.24927E-04    0.10073E-03   -0.23027E-05
    0.26308E-04    0.10630E-03   -0.25574E-05
    0.27759E-04    0.11216E-03   -0.28382E-05
    0.29285E-04    0.11831E-03   -0.31474E-05
    0.30889E-04    0.12477E-03   -0.34876E-05
    0.32576E-04    0.13156E-03   -0.38616E-05
    0.34348E-04    0.13870E-03   -0.42722E-05
    0.36212E-04    0.14620E-03   -0.47223E-05
    0.38171E-04    0.15408E-03   -0.52150E-05
    0.40231E-04    0.16237E-03   -0.57537E-05
    0.42396E-04    0.17107E-03   -0.63415E-05
    0.44672E-04    0.18021E-03   -0.69816E-05
    0.47065E-04    0.18981E-03   -0.76772E-05
    0.49581E-04    0.19990E-03   -0.84314E-05
    0.52225E-04    0.21050E-03   -0.92469E-05
    0.55005E-04    0.22164E-03   -0.10126E-04
    0.57928E-04    0.23334E-03   -0.11071E-04
    0.61001E-04    0.24562E-03   -0.12083E-04
    0.64231E-04    0.25853E-03   -0.13163E-04
    0.67627E-04    0.27208E-03   -0.14311E-04
    0.71196E-04    0.28632E-03   -0.15527E-04
    0.74949E-04    0.30128E-03   -0.16810E-04
    0.78895E-04    0.31699E-03   -0.18159E-04
    0.83042E-04    0.33349E-03   -0.19572E-04
    0.87402E-04    0.35082E-03   -0.21050E-04
    0.91986E-04    0.36903E-03   -0.22593E-04
    0.96805E-04    0.38815E-03   -0.24200E-04
    0.10187E-03    0.40823E-03   -0.25874E-04
    0.10720E-03    0.42933E-03   -0.27616E-04
    0.11279E-03    0.45149E-03   -0.29430E-04
    0.11868E-03    0.47477E-03   -0.31318E-04
    0.12487E-03    0.49922E-03   -0.33285E-04
    0.13137E-03    0.52491E-03   -0.35334E-04
    0.13821E-03    0.55188E-03   -0.37472E-04
    0.14540E-03    0.58022E-03   -0.39701E-04
    0.15296E-03    0.60998E-03   -0.42028E-04
    0.16090E-03    0.64124E-03   -0.44459E-04
    0.16925E-03    0.67407E-03   -0.46999E-04
    0.17803E-03    0.70855E-03   -0.49654E-04
    0.18726E-03    0.74477E-03   -0.52431E-04
    0.19697E-03    0.78281E-03   -0.55336E-04
    0.20717E-03    0.82276E-03   -0.58376E-04
    0.21789E-03    0.86472E-03   -0.61560E-04
    0.22917E-03    0.90878E-03   -0.64893E-04
    0.24102E-03    0.95506E-03   -0.68385E-04
    0.25348E-03    0.10037E-02   -0.72044E-04
    0.26658E-03    0.10547E-02   -0.75878E-04
    0.28035E-03    0.11083E-02   -0.79896E-04
    0.29483E-03    0.11646E-02   -0.84109E-04
    0.31004E-03    0.12237E-02   -0.88526E-04
    0.32604E-03    0.12857E-02   -0.93158E-04
    0.34286E-03    0.13509E-02   -0.98016E-04
    0.36054E-03    0.14193E-02   -0.10311E-03
    0.37913E-03    0.14911E-02   -0.10845E-03
    0.39867E-03    0.15665E-02   -0.11406E-03
    0.41922E-03    0.16457E-02   -0.11994E-03
    0.44081E-03    0.17288E-02   -0.12611E-03
    0.46352E-03    0.18160E-02   -0.13259E-03
    0.48738E-03    0.19076E-02   -0.13938E-03
    0.51248E-03    0.20037E-02   -0.14650E-03
    0.53885E-03    0.21046E-02   -0.15398E-03
    0.56658E-03    0.22105E-02   -0.16183E-03
    0.59573E-03    0.23216E-02   -0.17006E-03
    0.62638E-03    0.24383E-02   -0.17870E-03
    0.65860E-03    0.25607E-02   -0.18776E-03
    0.69247E-03    0.26891E-02   -0.19727E-03
    0.72807E-03    0.28238E-02   -0.20725E-03
    0.76551E-03    0.29652E-02   -0.21772E-03
    0.80486E-03    0.31134E-02   -0.22871E-03
    0.84623E-03    0.32690E-02   -0.24023E-03
    0.88972E-03    0.34321E-02   -0.25232E-03
    0.93543E-03    0.36032E-02   -0.26500E-03
    0.98350E-03    0.37827E-02   -0.27831E-03
    0.10340E-02    0.39708E-02   -0.29226E-03
    0.10871E-02    0.41681E-02   -0.30689E-03
    0.11430E-02    0.43749E-02   -0.32224E-03
    0.12017E-02    0.45917E-02   -0.33834E-03
    0.12634E-02    0.48189E-02   -0.35521E-03
    0.13283E-02    0.50571E-02   -0.37291E-03
    0.13965E-02    0.53065E-02   -0.39146E-03
    0.14682E-02    0.55679E-02   -0.41091E-03
    0.15436E-02    0.58417E-02   -0.43129E-03
    0.16228E-02    0.61285E-02   -0.45266E-03
    0.17061E-02    0.64288E-02   -0.47504E-03
    0.17937E-02    0.67432E-02   -0.49850E-03
    0.18858E-02    0.70723E-02   -0.52307E-03
    0.19825E-02    0.74167E-02   -0.54882E-03
    0.20843E-02    0.77771E-02   -0.57577E-03
    0.21913E-02    0.81542E-02   -0.60400E-03
    0.23037E-02    0.85485E-02   -0.63356E-03
    0.24219E-02    0.89608E-02   -0.66450E-03
    0.25462E-02    0.93917E-02   -0.69688E-03
    0.26769E-02    0.98422E-02   -0.73076E-03
    0.28142E-02    0.10313E-01   -0.76620E-03
    0.29586E-02    0.10804E-01   -0.80327E-03
    0.31104E-02    0.11317E-01   -0.84204E-03
    0.32700E-02    0.11853E-01   -0.88256E-03
    0.34377E-02    0.12412E-01   -0.92491E-03
    0.36141E-02    0.12995E-01   -0.96916E-03
    0.37995E-02    0.13602E-01   -0.10154E-02
    0.39944E-02    0.14235E-01   -0.10636E-02
    0.41993E-02    0.14895E-01   -0.11140E-02
    0.44147E-02    0.15581E-01   -0.11666E-02
    0.46411E-02    0.16296E-01   -0.12214E-02
    0.48792E-02    0.17039E-01   -0.12786E-02
    0.51295E-02    0.17811E-01   -0.13382E-02
    0.53926E-02    0.18614E-01   -0.14002E-02
    0.56691E-02    0.19446E-01   -0.14649E-02
    0.59599E-02    0.20310E-01   -0.15321E-02
    0.62656E-02    0.21206E-01   -0.16021E-02
    0.65869E-02    0.22134E-01   -0.16749E-02
    0.69248E-02    0.23094E-01   -0.17505E-02
    0.72799E-02    0.24087E-01   -0.18290E-02
    0.76533E-02    0.25112E-01   -0.19105E-02
    0.80457E-02    0.26171E-01   -0.19950E-02
    0.84584E-02    0.27261E-01   -0.20825E-02
    0.88921E-02    0.28385E-01   -0.21732E-02
    0.93481E-02    0.29540E-01   -0.22670E-02
    0.98275E-02    0.30726E-01   -0.23640E-02
    0.10332E-01    0.31943E-01   -0.24641E-02
    0.10861E-01    0.33188E-01   -0.25674E-02
    0.11418E-01    0.34461E-01   -0.26739E-02
    0.12004E-01    0.35760E-01   -0.27836E-02
    0.12619E-01    0.37082E-01   -0.28963E-02
    0.13266E-01    0.38425E-01   -0.30121E-02
    0.13947E-01    0.39787E-01   -0.31308E-02
    0.14662E-01    0.41163E-01   -0.32523E-02
    0.15414E-01    0.42550E-01   -0.33766E-02
    0.16204E-01    0.43943E-01   -0.35034E-02
    0.17035E-01    0.45339E-01   -0.36327E-02
    0.17909E-01    0.46730E-01   -0.37640E-02
    0.18827E-01    0.48111E-01   -0.38973E-02
    0.19792E-01    0.49474E-01   -0.40322E-02
    0.20807E-01    0.50813E-01   -0.41684E-02
    0.21874E-01    0.52119E-01   -0.43056E-02
    0.22996E-01    0.53383E-01   -0.44432E-02
    0.24175E-01    0.54594E-01   -0.45809E-02
    0.25414E-01    0.55742E-01   -0.47182E-02
    0.26717E-01    0.56815E-01   -0.48544E-02
    0.28087E-01    0.57800E-01   -0.49891E-02
    0.29528E-01    0.58684E-01   -0.51215E-02
    0.31042E-01    0.59452E-01   -0.52509E-02
    0.32633E-01    0.60088E-01   -0.53765E-02
    0.34306E-01    0.60576E-01   -0.54975E-02
    0.36065E-01    0.60900E-01   -0.56130E-02
    0.37915E-01    0.61040E-01   -0.57221E-02
    0.39859E-01    0.60978E-01   -0.58238E-02
    0.41902E-01    0.60695E-01   -0.59171E-02
    0.44051E-01    0.60171E-01   -0.60007E-02
    0.46310E-01    0.59385E-01   -0.60737E-02
    0.48684E-01    0.58318E-01   -0.61349E-02
    0.51180E-01    0.56949E-01   -0.61830E-02
    0.53804E-01    0.55258E-01   -0.62169E-02
    0.56563E-01    0.53225E-01   -0.62353E-02
    0.59463E-01    0.50833E-01   -0.62370E-02
    0.62512E-01    0.48064E-01   -0.62208E-02
    0.65717E-01    0.44903E-01   -0.61856E-02
    0.69087E-01    0.41337E-01   -0.61302E-02
    0.72629E-01    0.37355E-01   -0.60536E-02
    0.76353E-01    0.32951E-01   -0.59548E-02
    0.80268E-01    0.28121E-01   -0.58330E-02
    0.84383E-01    0.22867E-01   -0.56875E-02
    0.88710E-01    0.17195E-01   -0.55177E-02
    0.93258E-01    0.11116E-01   -0.53232E-02
    0.98040E-01    0.46504E-02   -0.51040E-02
    0.10307E+00   -0.21776E-02   -0.48601E-02
    0.10835E+00   -0.93345E-02   -0.45917E-02
    0.11391E+00   -0.16779E-01   -0.42996E-02
    0.11975E+00   -0.24461E-01   -0.39847E-02
    0.12589E+00   -0.32321E-01   -0.36481E-02
    0.13234E+00   -0.40291E-01   -0.32916E-02
    0.13913E+00   -0.48293E-01   -0.29170E-02
    0.14626E+00   -0.56240E-01   -0.25266E-02
    0.15376E+00   -0.64035E-01   -0.21231E-02
    0.16164E+00   -0.71573E-01   -0.17094E-02
    0.16993E+00   -0.78741E-01   -0.12888E-02
    0.17864E+00   -0.85420E-01   -0.86481E-03
    0.18780E+00   -0.91482E-01   -0.44134E-03
    0.19743E+00   -0.96799E-01   -0.22383E-04
    0.20755E+00   -0.10124E+00    0.38787E-03
    0.21819E+00   -0.10467E+00    0.78514E-03
    0.22938E+00   -0.10696E+00    0.11651E-02
    0.24114E+00   -0.10799E+00    0.15236E-02
    0.25351E+00   -0.10764E+00    0.18564E-02
    0.26650E+00   -0.10581E+00    0.21595E-02
    0.28017E+00   -0.10241E+00    0.24294E-02
    0.29453E+00   -0.97359E-01    0.26627E-02
    0.30963E+00   -0.90618E-01    0.28564E-02
    0.32551E+00   -0.82159E-01    0.30081E-02
    0.34220E+00   -0.71985E-01    0.31159E-02
    0.35974E+00   -0.60131E-01    0.31786E-02
    0.37819E+00   -0.46668E-01    0.31952E-02
    0.39758E+00   -0.31702E-01    0.31660E-02
    0.41796E+00   -0.15378E-01    0.30914E-02
    0.43939E+00    0.21211E-02    0.29728E-02
    0.46192E+00    0.20569E-01    0.28124E-02
    0.48560E+00    0.39703E-01    0.26130E-02
    0.51050E+00    0.59222E-01    0.23780E-02
    0.53667E+00    0.78792E-01    0.21117E-02
    0.56419E+00    0.98046E-01    0.18190E-02
    0.59312E+00    0.11660E+00    0.15051E-02
    0.62352E+00    0.13404E+00    0.11758E-02
    0.65549E+00    0.14996E+00    0.83732E-03
    0.68910E+00    0.16395E+00    0.49588E-03
    0.72443E+00    0.17559E+00    0.15778E-03
    0.76158E+00    0.18452E+00   -0.17087E-03
    0.80062E+00    0.19037E+00   -0.48429E-03
    0.84167E+00    0.19283E+00   -0.77721E-03
    0.88482E+00    0.19164E+00   -0.10450E-02
    0.93019E+00    0.18659E+00   -0.12838E-02
    0.97788E+00    0.17753E+00   -0.14906E-02
    0.10280E+01    0.16437E+00   -0.16633E-02
    0.10807E+01    0.14710E+00   -0.18006E-02
    0.11361E+01    0.12577E+00   -0.19020E-02
    0.11944E+01    0.10050E+00   -0.19681E-02
    0.12556E+01    0.71464E-01   -0.19996E-02
    0.13200E+01    0.38919E-01   -0.19984E-02
    0.13877E+01    0.31692E-02   -0.19663E-02
    0.14588E+01   -0.35418E-01   -0.19057E-02
    0.15336E+01   -0.76423E-01   -0.18194E-02
    0.16123E+01   -0.11937E+00   -0.17099E-02
    0.16949E+01   -0.16374E+00   -0.15803E-02
    0.17818E+01   -0.20896E+00   -0.14334E-02
    0.18732E+01   -0.25442E+00   -0.12721E-02
    0.19692E+01   -0.29949E+00   -0.10995E-02
    0.20702E+01   -0.34349E+00   -0.91862E-03
    0.21763E+01   -0.38573E+00   -0.73239E-03
    0.22879E+01   -0.42552E+00   -0.54389E-03
    0.24052E+01   -0.46216E+00   -0.35619E-03
    0.25285E+01   -0.49500E+00   -0.17230E-03
    0.26582E+01   -0.52340E+00    0.47979E-05
    0.27945E+01   -0.54681E+00    0.17224E-03
    0.29377E+01   -0.56475E+00    0.32734E-03
    0.30883E+01   -0.57682E+00    0.46765E-03
    0.32467E+01   -0.58278E+00    0.59105E-03
    0.34132E+01   -0.58249E+00    0.69582E-03
    0.35881E+01   -0.57597E+00    0.78069E-03
    0.37721E+01   -0.56340E+00    0.84491E-03
    0.39655E+01   -0.54509E+00    0.88830E-03
    0.41688E+01   -0.52154E+00    0.91124E-03
    0.43826E+01   -0.49336E+00    0.91467E-03
    0.46073E+01   -0.46128E+00    0.90006E-03
    0.48435E+01   -0.42612E+00    0.86936E-03
    0.50918E+01   -0.38879E+00    0.82487E-03
    0.53529E+01   -0.35020E+00    0.76921E-03
    0.56273E+01   -0.31126E+00    0.70514E-03
    0.59159E+01   -0.27285E+00    0.63549E-03
    0.62192E+01   -0.23576E+00    0.56297E-03
    0.65380E+01   -0.20068E+00    0.49014E-03
    0.68732E+01   -0.16816E+00    0.41923E-03
    0.72256E+01   -0.13864E+00    0.35213E-03
    0.75961E+01   -0.11236E+00    0.29030E-03
    0.79856E+01   -0.89451E-01    0.23476E-03
    0.83950E+01   -0.69897E-01    0.18610E-03
    0.88254E+01   -0.53560E-01    0.14450E-03
    0.92779E+01   -0.40210E-01    0.10982E-03
    0.97536E+01   -0.29546E-01    0.81617E-04
    0.10254E+02   -0.21228E-01    0.59258E-04
    0.10779E+02   -0.14896E-01    0.41990E-04
    0.11332E+02   -0.10198E-01    0.29007E-04
    0.11913E+02   -0.68025E-02    0.19513E-04
    0.12524E+02   -0.44157E-02    0.12766E-04
    0.13166E+02   -0.27856E-02    0.81129E-05
    0.13841E+02   -0.17053E-02    0.50008E-05
    0.14551E+02   -0.10116E-02    0.29856E-05
    0.15297E+02   -0.58055E-03    0.17238E-05
    0.16081E+02   -0.32180E-03    0.96088E-06
    0.16905E+02   -0.17198E-03    0.51625E-06
    0.17772E+02   -0.88458E-04    0.26685E-06
    0.18683E+02   -0.43701E-04    0.13245E-06
    0.19641E+02   -0.20696E-04    0.62998E-07
    0.20648E+02   -0.93746E-05    0.28654E-07
    0.21707E+02   -0.40526E-05    0.12435E-07
    0.22820E+02   -0.16679E-05    0.51367E-08
    0.23990E+02   -0.65194E-06    0.20147E-08
    0.25220E+02   -0.24135E-06    0.74828E-09
    0.26513E+02   -0.84392E-07    0.26245E-09
    0.27872E+02   -0.27782E-07    0.86647E-10
    0.29301E+02   -0.86253E-08    0.26964E-10
    0.30804E+02   -0.20945E-08    0.65641E-11
    0.32383E+02   -0.45570E-09    0.14293E-11
