    0.00000E+00    0.00000E+00    0.00000E+00
    0.10254E-06    0.17377E-17    0.10955E-13
    0.21034E-06    0.14998E-16    0.46097E-13
    0.32367E-06    0.54648E-16    0.10915E-12
    0.44281E-06    0.13993E-15    0.20429E-12
    0.56805E-06    0.29541E-15    0.33620E-12
    0.69972E-06    0.29042E-16    0.51011E-12
    0.83814E-06    0.61058E-15    0.73190E-12
    0.98365E-06    0.45628E-15    0.10081E-11
    0.11366E-05    0.10842E-14    0.13460E-11
    0.12974E-05    0.13177E-14    0.17539E-11
    0.14665E-05    0.21170E-14    0.22407E-11
    0.16442E-05    0.28068E-14    0.28168E-11
    0.18311E-05    0.40109E-14    0.34933E-11
    0.20275E-05    0.53376E-14    0.42830E-11
    0.22340E-05    0.72153E-14    0.51998E-11
    0.24511E-05    0.94740E-14    0.62594E-11
    0.26793E-05    0.12410E-13    0.74793E-11
    0.29192E-05    0.16024E-13    0.88787E-11
    0.31714E-05    0.20561E-13    0.10479E-10
    0.34366E-05    0.26147E-13    0.12305E-10
    0.37153E-05    0.33044E-13    0.14382E-10
    0.40083E-05    0.41486E-13    0.16740E-10
    0.43164E-05    0.51802E-13    0.19411E-10
    0.46402E-05    0.64348E-13    0.22433E-10
    0.49807E-05    0.79566E-13    0.25846E-10
    0.53386E-05    0.97964E-13    0.29694E-10
    0.57149E-05    0.12015E-12    0.34027E-10
    0.61104E-05    0.14683E-12    0.38900E-10
    0.65262E-05    0.17886E-12    0.44374E-10
    0.69634E-05    0.21720E-12    0.50518E-10
    0.74229E-05    0.26303E-12    0.57405E-10
    0.79061E-05    0.31770E-12    0.65121E-10
    0.84140E-05    0.38281E-12    0.73756E-10
    0.89479E-05    0.46022E-12    0.83413E-10
    0.95092E-05    0.55213E-12    0.94206E-10
    0.10099E-04    0.66109E-12    0.10626E-09
    0.10720E-04    0.79011E-12    0.11971E-09
    0.11372E-04    0.94267E-12    0.13472E-09
    0.12057E-04    0.11229E-11    0.15145E-09
    0.12778E-04    0.13354E-11    0.17010E-09
    0.13536E-04    0.15860E-11    0.19086E-09
    0.14332E-04    0.18809E-11    0.21398E-09
    0.15170E-04    0.22279E-11    0.23971E-09
    0.16050E-04    0.26355E-11    0.26833E-09
    0.16975E-04    0.31140E-11    0.30016E-09
    0.17948E-04    0.36751E-11    0.33555E-09
    0.18971E-04    0.43327E-11    0.37487E-09
    0.20046E-04    0.51025E-11    0.41855E-09
    0.21177E-04    0.60028E-11    0.46706E-09
    0.22365E-04    0.70550E-11    0.52092E-09
    0.23614E-04    0.82833E-11    0.58072E-09
    0.24927E-04    0.97161E-11    0.64707E-09
    0.26308E-04    0.11386E-10    0.72069E-09
    0.27759E-04    0.13329E-10    0.80235E-09
    0.29285E-04    0.15589E-10    0.89292E-09
    0.30889E-04    0.18215E-10    0.99333E-09
    0.32576E-04    0.21261E-10    0.11047E-08
    0.34348E-04    0.24792E-10    0.12280E-08
    0.36212E-04    0.28877E-10    0.13648E-08
    0.38171E-04    0.33599E-10    0.15163E-08
    0.40231E-04    0.39048E-10    0.16841E-08
    0.42396E-04    0.45324E-10    0.18700E-08
    0.44672E-04    0.52541E-10    0.20760E-08
    0.47065E-04    0.60823E-10    0.23040E-08
    0.49581E-04    0.70307E-10    0.25564E-08
    0.52225E-04    0.81140E-10    0.28359E-08
    0.55005E-04    0.93484E-10    0.31453E-08
    0.57928E-04    0.10751E-09    0.34878E-08
    0.61001E-04    0.12340E-09    0.38667E-08
    0.64231E-04    0.14134E-09    0.42861E-08
    0.67627E-04    0.16154E-09    0.47502E-08
    0.71196E-04    0.18421E-09    0.52636E-08
    0.74949E-04    0.20958E-09    0.58317E-08
    0.78895E-04    0.23791E-09    0.64601E-08
    0.83042E-04    0.26946E-09    0.71552E-08
    0.87402E-04    0.30455E-09    0.79241E-08
    0.91986E-04    0.34354E-09    0.87745E-08
    0.96805E-04    0.38686E-09    0.97151E-08
    0.10187E-03    0.43497E-09    0.10755E-07
    0.10720E-03    0.48844E-09    0.11906E-07
    0.11279E-03    0.54789E-09    0.13178E-07
    0.11868E-03    0.61405E-09    0.14584E-07
    0.12487E-03    0.68773E-09    0.16139E-07
    0.13137E-03    0.76985E-09    0.17859E-07
    0.13821E-03    0.86148E-09    0.19760E-07
    0.14540E-03    0.96379E-09    0.21862E-07
    0.15296E-03    0.10781E-08    0.24186E-07
    0.16090E-03    0.12060E-08    0.26755E-07
    0.16925E-03    0.13490E-08    0.29595E-07
    0.17803E-03    0.15093E-08    0.32734E-07
    0.18726E-03    0.16888E-08    0.36204E-07
    0.19697E-03    0.18902E-08    0.40039E-07
    0.20717E-03    0.21161E-08    0.44279E-07
    0.21789E-03    0.23697E-08    0.48964E-07
    0.22917E-03    0.26547E-08    0.54143E-07
    0.24102E-03    0.29750E-08    0.59866E-07
    0.25348E-03    0.33352E-08    0.66192E-07
    0.26658E-03    0.37406E-08    0.73182E-07
    0.28035E-03    0.41972E-08    0.80908E-07
    0.29483E-03    0.47116E-08    0.89445E-07
    0.31004E-03    0.52915E-08    0.98878E-07
    0.32604E-03    0.59457E-08    0.10930E-06
    0.34286E-03    0.66842E-08    0.12082E-06
    0.36054E-03    0.75182E-08    0.13355E-06
    0.37913E-03    0.84608E-08    0.14761E-06
    0.39867E-03    0.95267E-08    0.16315E-06
    0.41922E-03    0.10733E-07    0.18032E-06
    0.44081E-03    0.12098E-07    0.19929E-06
    0.46352E-03    0.13645E-07    0.22025E-06
    0.48738E-03    0.15399E-07    0.24341E-06
    0.51248E-03    0.17388E-07    0.26899E-06
    0.53885E-03    0.19645E-07    0.29725E-06
    0.56658E-03    0.22208E-07    0.32847E-06
    0.59573E-03    0.25121E-07    0.36296E-06
    0.62638E-03    0.28433E-07    0.40106E-06
    0.65860E-03    0.32201E-07    0.44314E-06
    0.69247E-03    0.36489E-07    0.48963E-06
    0.72807E-03    0.41374E-07    0.54098E-06
    0.76551E-03    0.46941E-07    0.59770E-06
    0.80486E-03    0.53288E-07    0.66034E-06
    0.84623E-03    0.60529E-07    0.72953E-06
    0.88972E-03    0.68795E-07    0.80595E-06
    0.93543E-03    0.78236E-07    0.89035E-06
    0.98350E-03    0.89024E-07    0.98355E-06
    0.10340E-02    0.10136E-06    0.10865E-05
    0.10871E-02    0.11547E-06    0.12001E-05
    0.11430E-02    0.13161E-06    0.13257E-05
    0.12017E-02    0.15010E-06    0.14643E-05
    0.12634E-02    0.17127E-06    0.16173E-05
    0.13283E-02    0.19554E-06    0.17863E-05
    0.13965E-02    0.22337E-06    0.19728E-05
    0.14682E-02    0.25528E-06    0.21788E-05
    0.15436E-02    0.29190E-06    0.24062E-05
    0.16228E-02    0.33395E-06    0.26572E-05
    0.17061E-02    0.38223E-06    0.29343E-05
    0.17937E-02    0.43770E-06    0.32401E-05
    0.18858E-02    0.50144E-06    0.35777E-05
    0.19825E-02    0.57473E-06    0.39503E-05
    0.20843E-02    0.65901E-06    0.43615E-05
    0.21913E-02    0.75597E-06    0.48153E-05
    0.23037E-02    0.86755E-06    0.53160E-05
    0.24219E-02    0.99599E-06    0.58685E-05
    0.25462E-02    0.11439E-05    0.64781E-05
    0.26769E-02    0.13142E-05    0.71506E-05
    0.28142E-02    0.15104E-05    0.78926E-05
    0.29586E-02    0.17365E-05    0.87109E-05
    0.31104E-02    0.19971E-05    0.96136E-05
    0.32700E-02    0.22975E-05    0.10609E-04
    0.34377E-02    0.26438E-05    0.11707E-04
    0.36141E-02    0.30432E-05    0.12917E-04
    0.37995E-02    0.35039E-05    0.14252E-04
    0.39944E-02    0.40354E-05    0.15723E-04
    0.41993E-02    0.46486E-05    0.17345E-04
    0.44147E-02    0.53561E-05    0.19132E-04
    0.46411E-02    0.61726E-05    0.21102E-04
    0.48792E-02    0.71150E-05    0.23273E-04
    0.51295E-02    0.82028E-05    0.25664E-04
    0.53926E-02    0.94585E-05    0.28298E-04
    0.56691E-02    0.10908E-04    0.31198E-04
    0.59599E-02    0.12582E-04    0.34393E-04
    0.62656E-02    0.14514E-04    0.37910E-04
    0.65869E-02    0.16745E-04    0.41782E-04
    0.69248E-02    0.19320E-04    0.46043E-04
    0.72799E-02    0.22294E-04    0.50731E-04
    0.76533E-02    0.25727E-04    0.55890E-04
    0.80457E-02    0.29691E-04    0.61564E-04
    0.84584E-02    0.34267E-04    0.67803E-04
    0.88921E-02    0.39550E-04    0.74662E-04
    0.93481E-02    0.45648E-04    0.82201E-04
    0.98275E-02    0.52687E-04    0.90485E-04
    0.10332E-01    0.60810E-04    0.99585E-04
    0.10861E-01    0.70184E-04    0.10958E-03
    0.11418E-01    0.81000E-04    0.12055E-03
    0.12004E-01    0.93478E-04    0.13259E-03
    0.12619E-01    0.10787E-03    0.14580E-03
    0.13266E-01    0.12447E-03    0.16029E-03
    0.13947E-01    0.14361E-03    0.17618E-03
    0.14662E-01    0.16568E-03    0.19358E-03
    0.15414E-01    0.19111E-03    0.21265E-03
    0.16204E-01    0.22041E-03    0.23353E-03
    0.17035E-01    0.25417E-03    0.25639E-03
    0.17909E-01    0.29305E-03    0.28139E-03
    0.18827E-01    0.33781E-03    0.30873E-03
    0.19792E-01    0.38932E-03    0.33860E-03
    0.20807E-01    0.44859E-03    0.37123E-03
    0.21874E-01    0.51675E-03    0.40685E-03
    0.22996E-01    0.59512E-03    0.44572E-03
    0.24175E-01    0.68518E-03    0.48809E-03
    0.25414E-01    0.78864E-03    0.53425E-03
    0.26717E-01    0.90742E-03    0.58451E-03
    0.28087E-01    0.10437E-02    0.63920E-03
    0.29528E-01    0.12001E-02    0.69865E-03
    0.31042E-01    0.13794E-02    0.76324E-03
    0.32633E-01    0.15848E-02    0.83334E-03
    0.34306E-01    0.18200E-02    0.90935E-03
    0.36065E-01    0.20891E-02    0.99171E-03
    0.37915E-01    0.23969E-02    0.10808E-02
    0.39859E-01    0.27487E-02    0.11772E-02
    0.41902E-01    0.31504E-02    0.12813E-02
    0.44051E-01    0.36088E-02    0.13936E-02
    0.46310E-01    0.41315E-02    0.15147E-02
    0.48684E-01    0.47270E-02    0.16449E-02
    0.51180E-01    0.54048E-02    0.17849E-02
    0.53804E-01    0.61757E-02    0.19352E-02
    0.56563E-01    0.70514E-02    0.20963E-02
    0.59463E-01    0.80454E-02    0.22687E-02
    0.62512E-01    0.91724E-02    0.24530E-02
    0.65717E-01    0.10449E-01    0.26495E-02
    0.69087E-01    0.11893E-01    0.28588E-02
    0.72629E-01    0.13524E-01    0.30813E-02
    0.76353E-01    0.15365E-01    0.33174E-02
    0.80268E-01    0.17440E-01    0.35673E-02
    0.84383E-01    0.19775E-01    0.38313E-02
    0.88710E-01    0.22399E-01    0.41097E-02
    0.93258E-01    0.25344E-01    0.44025E-02
    0.98040E-01    0.28644E-01    0.47096E-02
    0.10307E+00    0.32334E-01    0.50309E-02
    0.10835E+00    0.36456E-01    0.53662E-02
    0.11391E+00    0.41050E-01    0.57149E-02
    0.11975E+00    0.46163E-01    0.60766E-02
    0.12589E+00    0.51840E-01    0.64504E-02
    0.13234E+00    0.58133E-01    0.68354E-02
    0.13913E+00    0.65093E-01    0.72305E-02
    0.14626E+00    0.72775E-01    0.76342E-02
    0.15376E+00    0.81234E-01    0.80449E-02
    0.16164E+00    0.90527E-01    0.84609E-02
    0.16993E+00    0.10071E+00    0.88801E-02
    0.17864E+00    0.11184E+00    0.93001E-02
    0.18780E+00    0.12398E+00    0.97186E-02
    0.19743E+00    0.13717E+00    0.10133E-01
    0.20755E+00    0.15148E+00    0.10540E-01
    0.21819E+00    0.16694E+00    0.10936E-01
    0.22938E+00    0.18360E+00    0.11319E-01
    0.24114E+00    0.20148E+00    0.11685E-01
    0.25351E+00    0.22063E+00    0.12031E-01
    0.26650E+00    0.24104E+00    0.12352E-01
    0.28017E+00    0.26273E+00    0.12646E-01
    0.29453E+00    0.28569E+00    0.12909E-01
    0.30963E+00    0.30988E+00    0.13137E-01
    0.32551E+00    0.33527E+00    0.13327E-01
    0.34220E+00    0.36179E+00    0.13476E-01
    0.35974E+00    0.38936E+00    0.13582E-01
    0.37819E+00    0.41788E+00    0.13642E-01
    0.39758E+00    0.44722E+00    0.13653E-01
    0.41796E+00    0.47723E+00    0.13614E-01
    0.43939E+00    0.50775E+00    0.13525E-01
    0.46192E+00    0.53857E+00    0.13384E-01
    0.48560E+00    0.56947E+00    0.13191E-01
    0.51050E+00    0.60022E+00    0.12947E-01
    0.53667E+00    0.63055E+00    0.12653E-01
    0.56419E+00    0.66019E+00    0.12312E-01
    0.59312E+00    0.68885E+00    0.11924E-01
    0.62352E+00    0.71621E+00    0.11494E-01
    0.65549E+00    0.74197E+00    0.11025E-01
    0.68910E+00    0.76582E+00    0.10520E-01
    0.72443E+00    0.78744E+00    0.99853E-02
    0.76158E+00    0.80653E+00    0.94246E-02
    0.80062E+00    0.82279E+00    0.88434E-02
    0.84167E+00    0.83596E+00    0.82471E-02
    0.88482E+00    0.84579E+00    0.76414E-02
    0.93019E+00    0.85207E+00    0.70319E-02
    0.97788E+00    0.85462E+00    0.64240E-02
    0.10280E+01    0.85330E+00    0.58232E-02
    0.10807E+01    0.84802E+00    0.52348E-02
    0.11361E+01    0.83876E+00    0.46636E-02
    0.11944E+01    0.82551E+00    0.41140E-02
    0.12556E+01    0.80837E+00    0.35901E-02
    0.13200E+01    0.78745E+00    0.30954E-02
    0.13877E+01    0.76294E+00    0.26328E-02
    0.14588E+01    0.73509E+00    0.22047E-02
    0.15336E+01    0.70418E+00    0.18126E-02
    0.16123E+01    0.67056E+00    0.14578E-02
    0.16949E+01    0.63462E+00    0.11406E-02
    0.17818E+01    0.59677E+00    0.86082E-03
    0.18732E+01    0.55746E+00    0.61780E-03
    0.19692E+01    0.51715E+00    0.41023E-03
    0.20702E+01    0.47633E+00    0.23640E-03
    0.21763E+01    0.43546E+00    0.94155E-04
    0.22879E+01    0.39500E+00   -0.18984E-04
    0.24052E+01    0.35541E+00   -0.10575E-03
    0.25285E+01    0.31708E+00   -0.16907E-03
    0.26582E+01    0.28039E+00   -0.21195E-03
    0.27945E+01    0.24566E+00   -0.23743E-03
    0.29377E+01    0.21315E+00   -0.24848E-03
    0.30883E+01    0.18308E+00   -0.24795E-03
    0.32467E+01    0.15559E+00   -0.23850E-03
    0.34132E+01    0.13076E+00   -0.22257E-03
    0.35881E+01    0.10861E+00   -0.20231E-03
    0.37721E+01    0.89120E-01   -0.17957E-03
    0.39655E+01    0.72189E-01   -0.15589E-03
    0.41688E+01    0.57690E-01   -0.13249E-03
    0.43826E+01    0.45452E-01   -0.11031E-03
    0.46073E+01    0.35280E-01   -0.89998E-04
    0.48435E+01    0.26958E-01   -0.71947E-04
    0.50918E+01    0.20262E-01   -0.56349E-04
    0.53529E+01    0.14968E-01   -0.43223E-04
    0.56273E+01    0.10857E-01   -0.32455E-04
    0.59159E+01    0.77257E-02   -0.23842E-04
    0.62192E+01    0.53877E-02   -0.17123E-04
    0.65380E+01    0.36784E-02   -0.12014E-04
    0.68732E+01    0.24559E-02   -0.82269E-05
    0.72256E+01    0.16017E-02   -0.54932E-05
    0.75961E+01    0.10191E-02   -0.35726E-05
    0.79856E+01    0.63177E-03   -0.22607E-05
    0.83950E+01    0.38110E-03   -0.13901E-05
    0.88254E+01    0.22337E-03   -0.82949E-06
    0.92779E+01    0.12702E-03   -0.47969E-06
    0.97536E+01    0.69966E-04   -0.26843E-06
    0.10254E+02    0.37270E-04   -0.14513E-06
    0.10779E+02    0.19166E-04   -0.75679E-07
    0.11332E+02    0.94976E-05   -0.37997E-07
    0.11913E+02    0.45264E-05   -0.18334E-07
    0.12524E+02    0.20705E-05   -0.84849E-08
    0.13166E+02    0.90711E-06   -0.37584E-08
    0.13841E+02    0.37976E-06   -0.15899E-08
    0.14551E+02    0.15157E-06   -0.64079E-09
    0.15297E+02    0.57527E-07   -0.24547E-09
    0.16081E+02    0.20708E-07   -0.89135E-10
    0.16905E+02    0.70496E-08   -0.30597E-10
    0.17772E+02    0.22630E-08   -0.98990E-11
