    0.00000E+00    0.00000E+00    0.00000E+00
    0.10254E-06    0.25778E-13    0.47927E-09
    0.21034E-06    0.10847E-12    0.98311E-09
    0.32367E-06    0.19868E-12    0.15128E-08
    0.44281E-06    0.31628E-12    0.20696E-08
    0.56805E-06    0.56868E-12    0.26550E-08
    0.69972E-06    0.77061E-12    0.32704E-08
    0.83814E-06    0.11982E-11    0.39173E-08
    0.98365E-06    0.15478E-11    0.45974E-08
    0.11366E-05    0.21492E-11    0.53124E-08
    0.12974E-05    0.27323E-11    0.60641E-08
    0.14665E-05    0.35330E-11    0.68543E-08
    0.16442E-05    0.44119E-11    0.76850E-08
    0.18311E-05    0.54857E-11    0.85582E-08
    0.20275E-05    0.67143E-11    0.94763E-08
    0.22340E-05    0.81555E-11    0.10441E-07
    0.24511E-05    0.98111E-11    0.11456E-07
    0.26793E-05    0.11723E-10    0.12523E-07
    0.29192E-05    0.13911E-10    0.13644E-07
    0.31714E-05    0.16415E-10    0.14823E-07
    0.34366E-05    0.19269E-10    0.16062E-07
    0.37153E-05    0.22514E-10    0.17365E-07
    0.40083E-05    0.26196E-10    0.18734E-07
    0.43164E-05    0.30365E-10    0.20174E-07
    0.46402E-05    0.35076E-10    0.21688E-07
    0.49807E-05    0.40391E-10    0.23279E-07
    0.53386E-05    0.46378E-10    0.24952E-07
    0.57149E-05    0.53112E-10    0.26710E-07
    0.61104E-05    0.60676E-10    0.28559E-07
    0.65262E-05    0.69160E-10    0.30503E-07
    0.69634E-05    0.78665E-10    0.32546E-07
    0.74229E-05    0.89302E-10    0.34694E-07
    0.79061E-05    0.10119E-09    0.36952E-07
    0.84140E-05    0.11447E-09    0.39325E-07
    0.89479E-05    0.12928E-09    0.41821E-07
    0.95092E-05    0.14578E-09    0.44444E-07
    0.10099E-04    0.16415E-09    0.47202E-07
    0.10720E-04    0.18459E-09    0.50101E-07
    0.11372E-04    0.20729E-09    0.53149E-07
    0.12057E-04    0.23249E-09    0.56354E-07
    0.12778E-04    0.26044E-09    0.59722E-07
    0.13536E-04    0.29140E-09    0.63263E-07
    0.14332E-04    0.32567E-09    0.66986E-07
    0.15170E-04    0.36355E-09    0.70899E-07
    0.16050E-04    0.40539E-09    0.75013E-07
    0.16975E-04    0.45154E-09    0.79338E-07
    0.17948E-04    0.50240E-09    0.83885E-07
    0.18971E-04    0.55837E-09    0.88665E-07
    0.20046E-04    0.61991E-09    0.93689E-07
    0.21177E-04    0.68746E-09    0.98972E-07
    0.22365E-04    0.76152E-09    0.10452E-06
    0.23614E-04    0.84261E-09    0.11036E-06
    0.24927E-04    0.93126E-09    0.11650E-06
    0.26308E-04    0.10280E-08    0.12295E-06
    0.27759E-04    0.11335E-08    0.12973E-06
    0.29285E-04    0.12484E-08    0.13686E-06
    0.30889E-04    0.13731E-08    0.14436E-06
    0.32576E-04    0.15085E-08    0.15224E-06
    0.34348E-04    0.16553E-08    0.16052E-06
    0.36212E-04    0.18140E-08    0.16923E-06
    0.38171E-04    0.19855E-08    0.17838E-06
    0.40231E-04    0.21705E-08    0.18800E-06
    0.42396E-04    0.23700E-08    0.19812E-06
    0.44672E-04    0.25849E-08    0.20875E-06
    0.47065E-04    0.28160E-08    0.21993E-06
    0.49581E-04    0.30646E-08    0.23168E-06
    0.52225E-04    0.33317E-08    0.24404E-06
    0.55005E-04    0.36188E-08    0.25703E-06
    0.57928E-04    0.39273E-08    0.27068E-06
    0.61001E-04    0.42588E-08    0.28503E-06
    0.64231E-04    0.46151E-08    0.30012E-06
    0.67627E-04    0.49983E-08    0.31598E-06
    0.71196E-04    0.54105E-08    0.33265E-06
    0.74949E-04    0.58544E-08    0.35018E-06
    0.78895E-04    0.63326E-08    0.36861E-06
    0.83042E-04    0.68482E-08    0.38798E-06
    0.87402E-04    0.74047E-08    0.40834E-06
    0.91986E-04    0.80057E-08    0.42975E-06
    0.96805E-04    0.86554E-08    0.45225E-06
    0.10187E-03    0.93583E-08    0.47591E-06
    0.10720E-03    0.10119E-07    0.50078E-06
    0.11279E-03    0.10944E-07    0.52692E-06
    0.11868E-03    0.11839E-07    0.55440E-06
    0.12487E-03    0.12810E-07    0.58329E-06
    0.13137E-03    0.13865E-07    0.61366E-06
    0.13821E-03    0.15012E-07    0.64559E-06
    0.14540E-03    0.16260E-07    0.67915E-06
    0.15296E-03    0.17618E-07    0.71443E-06
    0.16090E-03    0.19097E-07    0.75152E-06
    0.16925E-03    0.20709E-07    0.79050E-06
    0.17803E-03    0.22467E-07    0.83149E-06
    0.18726E-03    0.24385E-07    0.87457E-06
    0.19697E-03    0.26479E-07    0.91986E-06
    0.20717E-03    0.28766E-07    0.96747E-06
    0.21789E-03    0.31265E-07    0.10175E-05
    0.22917E-03    0.33997E-07    0.10701E-05
    0.24102E-03    0.36986E-07    0.11254E-05
    0.25348E-03    0.40256E-07    0.11836E-05
    0.26658E-03    0.43836E-07    0.12447E-05
    0.28035E-03    0.47757E-07    0.13089E-05
    0.29483E-03    0.52052E-07    0.13765E-05
    0.31004E-03    0.56759E-07    0.14475E-05
    0.32604E-03    0.61920E-07    0.15221E-05
    0.34286E-03    0.67580E-07    0.16005E-05
    0.36054E-03    0.73790E-07    0.16830E-05
    0.37913E-03    0.80605E-07    0.17697E-05
    0.39867E-03    0.88086E-07    0.18608E-05
    0.41922E-03    0.96301E-07    0.19566E-05
    0.44081E-03    0.10532E-06    0.20572E-05
    0.46352E-03    0.11524E-06    0.21631E-05
    0.48738E-03    0.12613E-06    0.22743E-05
    0.51248E-03    0.13811E-06    0.23913E-05
    0.53885E-03    0.15127E-06    0.25142E-05
    0.56658E-03    0.16575E-06    0.26434E-05
    0.59573E-03    0.18168E-06    0.27792E-05
    0.62638E-03    0.19920E-06    0.29219E-05
    0.65860E-03    0.21849E-06    0.30720E-05
    0.69247E-03    0.23971E-06    0.32297E-05
    0.72807E-03    0.26307E-06    0.33955E-05
    0.76551E-03    0.28879E-06    0.35698E-05
    0.80486E-03    0.31712E-06    0.37529E-05
    0.84623E-03    0.34831E-06    0.39455E-05
    0.88972E-03    0.38267E-06    0.41478E-05
    0.93543E-03    0.42053E-06    0.43605E-05
    0.98350E-03    0.46224E-06    0.45840E-05
    0.10340E-02    0.50820E-06    0.48190E-05
    0.10871E-02    0.55886E-06    0.50660E-05
    0.11430E-02    0.61469E-06    0.53255E-05
    0.12017E-02    0.67624E-06    0.55983E-05
    0.12634E-02    0.74410E-06    0.58850E-05
    0.13283E-02    0.81892E-06    0.61864E-05
    0.13965E-02    0.90142E-06    0.65031E-05
    0.14682E-02    0.99240E-06    0.68359E-05
    0.15436E-02    0.10927E-05    0.71857E-05
    0.16228E-02    0.12034E-05    0.75533E-05
    0.17061E-02    0.13255E-05    0.79396E-05
    0.17937E-02    0.14602E-05    0.83456E-05
    0.18858E-02    0.16087E-05    0.87723E-05
    0.19825E-02    0.17726E-05    0.92206E-05
    0.20843E-02    0.19535E-05    0.96918E-05
    0.21913E-02    0.21531E-05    0.10187E-04
    0.23037E-02    0.23733E-05    0.10707E-04
    0.24219E-02    0.26163E-05    0.11254E-04
    0.25462E-02    0.28844E-05    0.11828E-04
    0.26769E-02    0.31804E-05    0.12432E-04
    0.28142E-02    0.35070E-05    0.13066E-04
    0.29586E-02    0.38675E-05    0.13732E-04
    0.31104E-02    0.42654E-05    0.14432E-04
    0.32700E-02    0.47045E-05    0.15167E-04
    0.34377E-02    0.51893E-05    0.15940E-04
    0.36141E-02    0.57244E-05    0.16752E-04
    0.37995E-02    0.63150E-05    0.17604E-04
    0.39944E-02    0.69670E-05    0.18500E-04
    0.41993E-02    0.76867E-05    0.19441E-04
    0.44147E-02    0.84812E-05    0.20429E-04
    0.46411E-02    0.93582E-05    0.21467E-04
    0.48792E-02    0.10326E-04    0.22557E-04
    0.51295E-02    0.11395E-04    0.23702E-04
    0.53926E-02    0.12575E-04    0.24904E-04
    0.56691E-02    0.13877E-04    0.26167E-04
    0.59599E-02    0.15315E-04    0.27493E-04
    0.62656E-02    0.16902E-04    0.28885E-04
    0.65869E-02    0.18654E-04    0.30346E-04
    0.69248E-02    0.20588E-04    0.31881E-04
    0.72799E-02    0.22722E-04    0.33492E-04
    0.76533E-02    0.25079E-04    0.35183E-04
    0.80457E-02    0.27680E-04    0.36958E-04
    0.84584E-02    0.30550E-04    0.38821E-04
    0.88921E-02    0.33719E-04    0.40776E-04
    0.93481E-02    0.37216E-04    0.42828E-04
    0.98275E-02    0.41076E-04    0.44981E-04
    0.10332E-01    0.45335E-04    0.47240E-04
    0.10861E-01    0.50036E-04    0.49610E-04
    0.11418E-01    0.55224E-04    0.52096E-04
    0.12004E-01    0.60948E-04    0.54703E-04
    0.12619E-01    0.67264E-04    0.57437E-04
    0.13266E-01    0.74233E-04    0.60304E-04
    0.13947E-01    0.81922E-04    0.63311E-04
    0.14662E-01    0.90404E-04    0.66462E-04
    0.15414E-01    0.99761E-04    0.69766E-04
    0.16204E-01    0.11008E-03    0.73228E-04
    0.17035E-01    0.12147E-03    0.76855E-04
    0.17909E-01    0.13402E-03    0.80656E-04
    0.18827E-01    0.14787E-03    0.84637E-04
    0.19792E-01    0.16314E-03    0.88807E-04
    0.20807E-01    0.17997E-03    0.93173E-04
    0.21874E-01    0.19853E-03    0.97744E-04
    0.22996E-01    0.21898E-03    0.10253E-03
    0.24175E-01    0.24153E-03    0.10753E-03
    0.25414E-01    0.26638E-03    0.11277E-03
    0.26717E-01    0.29376E-03    0.11825E-03
    0.28087E-01    0.32393E-03    0.12398E-03
    0.29528E-01    0.35717E-03    0.12997E-03
    0.31042E-01    0.39378E-03    0.13623E-03
    0.32633E-01    0.43409E-03    0.14277E-03
    0.34306E-01    0.47848E-03    0.14960E-03
    0.36065E-01    0.52735E-03    0.15673E-03
    0.37915E-01    0.58115E-03    0.16417E-03
    0.39859E-01    0.64034E-03    0.17194E-03
    0.41902E-01    0.70548E-03    0.18003E-03
    0.44051E-01    0.77712E-03    0.18848E-03
    0.46310E-01    0.85592E-03    0.19728E-03
    0.48684E-01    0.94256E-03    0.20644E-03
    0.51180E-01    0.10378E-02    0.21599E-03
    0.53804E-01    0.11425E-02    0.22592E-03
    0.56563E-01    0.12575E-02    0.23625E-03
    0.59463E-01    0.13838E-02    0.24699E-03
    0.62512E-01    0.15225E-02    0.25815E-03
    0.65717E-01    0.16747E-02    0.26973E-03
    0.69087E-01    0.18418E-02    0.28175E-03
    0.72629E-01    0.20251E-02    0.29422E-03
    0.76353E-01    0.22260E-02    0.30715E-03
    0.80268E-01    0.24464E-02    0.32053E-03
    0.84383E-01    0.26878E-02    0.33438E-03
    0.88710E-01    0.29522E-02    0.34870E-03
    0.93258E-01    0.32417E-02    0.36350E-03
    0.98040E-01    0.35586E-02    0.37878E-03
    0.10307E+00    0.39052E-02    0.39453E-03
    0.10835E+00    0.42841E-02    0.41077E-03
    0.11391E+00    0.46983E-02    0.42749E-03
    0.11975E+00    0.51507E-02    0.44469E-03
    0.12589E+00    0.56445E-02    0.46235E-03
    0.13234E+00    0.61834E-02    0.48048E-03
    0.13913E+00    0.67711E-02    0.49907E-03
    0.14626E+00    0.74115E-02    0.51810E-03
    0.15376E+00    0.81091E-02    0.53757E-03
    0.16164E+00    0.88684E-02    0.55745E-03
    0.16993E+00    0.96944E-02    0.57773E-03
    0.17864E+00    0.10592E-01    0.59839E-03
    0.18780E+00    0.11568E-01    0.61941E-03
    0.19743E+00    0.12627E-01    0.64075E-03
    0.20755E+00    0.13775E-01    0.66241E-03
    0.21819E+00    0.15020E-01    0.68434E-03
    0.22938E+00    0.16369E-01    0.70651E-03
    0.24114E+00    0.17829E-01    0.72889E-03
    0.25351E+00    0.19407E-01    0.75145E-03
    0.26650E+00    0.21113E-01    0.77414E-03
    0.28017E+00    0.22954E-01    0.79693E-03
    0.29453E+00    0.24941E-01    0.81977E-03
    0.30963E+00    0.27082E-01    0.84263E-03
    0.32551E+00    0.29388E-01    0.86546E-03
    0.34220E+00    0.31869E-01    0.88822E-03
    0.35974E+00    0.34536E-01    0.91085E-03
    0.37819E+00    0.37400E-01    0.93332E-03
    0.39758E+00    0.40475E-01    0.95558E-03
    0.41796E+00    0.43771E-01    0.97759E-03
    0.43939E+00    0.47301E-01    0.99929E-03
    0.46192E+00    0.51080E-01    0.10206E-02
    0.48560E+00    0.55120E-01    0.10416E-02
    0.51050E+00    0.59436E-01    0.10621E-02
    0.53667E+00    0.64042E-01    0.10821E-02
    0.56419E+00    0.68953E-01    0.11015E-02
    0.59312E+00    0.74185E-01    0.11203E-02
    0.62352E+00    0.79752E-01    0.11384E-02
    0.65549E+00    0.85671E-01    0.11559E-02
    0.68910E+00    0.91956E-01    0.11724E-02
    0.72443E+00    0.98624E-01    0.11882E-02
    0.76158E+00    0.10569E+00    0.12029E-02
    0.80062E+00    0.11317E+00    0.12166E-02
    0.84167E+00    0.12107E+00    0.12291E-02
    0.88482E+00    0.12942E+00    0.12403E-02
    0.93019E+00    0.13821E+00    0.12501E-02
    0.97788E+00    0.14747E+00    0.12584E-02
    0.10280E+01    0.15720E+00    0.12650E-02
    0.10807E+01    0.16740E+00    0.12698E-02
    0.11361E+01    0.17807E+00    0.12725E-02
    0.11944E+01    0.18921E+00    0.12731E-02
    0.12556E+01    0.20082E+00    0.12713E-02
    0.13200E+01    0.21288E+00    0.12669E-02
    0.13877E+01    0.22536E+00    0.12598E-02
    0.14588E+01    0.23824E+00    0.12497E-02
    0.15336E+01    0.25149E+00    0.12366E-02
    0.16123E+01    0.26505E+00    0.12201E-02
    0.16949E+01    0.27888E+00    0.12002E-02
    0.17818E+01    0.29290E+00    0.11768E-02
    0.18732E+01    0.30703E+00    0.11497E-02
    0.19692E+01    0.32119E+00    0.11189E-02
    0.20702E+01    0.33526E+00    0.10843E-02
    0.21763E+01    0.34914E+00    0.10460E-02
    0.22879E+01    0.36270E+00    0.10041E-02
    0.24052E+01    0.37579E+00    0.95867E-03
    0.25285E+01    0.38826E+00    0.90987E-03
    0.26582E+01    0.39996E+00    0.85797E-03
    0.27945E+01    0.41072E+00    0.80328E-03
    0.29377E+01    0.42035E+00    0.74615E-03
    0.30883E+01    0.42870E+00    0.68701E-03
    0.32467E+01    0.43558E+00    0.62633E-03
    0.34132E+01    0.44082E+00    0.56464E-03
    0.35881E+01    0.44426E+00    0.50250E-03
    0.37721E+01    0.44576E+00    0.44052E-03
    0.39655E+01    0.44519E+00    0.37932E-03
    0.41688E+01    0.44244E+00    0.31954E-03
    0.43826E+01    0.43743E+00    0.26179E-03
    0.46073E+01    0.43013E+00    0.20670E-03
    0.48435E+01    0.42053E+00    0.15484E-03
    0.50918E+01    0.40865E+00    0.10672E-03
    0.53529E+01    0.39459E+00    0.62815E-04
    0.56273E+01    0.37846E+00    0.23494E-04
    0.59159E+01    0.36043E+00   -0.10960E-04
    0.62192E+01    0.34071E+00   -0.40368E-04
    0.65380E+01    0.31957E+00   -0.64662E-04
    0.68732E+01    0.29727E+00   -0.83886E-04
    0.72256E+01    0.27415E+00   -0.98199E-04
    0.75961E+01    0.25052E+00   -0.10787E-03
    0.79856E+01    0.22675E+00   -0.11325E-03
    0.83950E+01    0.20318E+00   -0.11480E-03
    0.88254E+01    0.18013E+00   -0.11302E-03
    0.92779E+01    0.15793E+00   -0.10847E-03
    0.97536E+01    0.13684E+00   -0.10172E-03
    0.10254E+02    0.11712E+00   -0.93365E-04
    0.10779E+02    0.98948E-01   -0.83945E-04
    0.11332E+02    0.82462E-01   -0.73977E-04
    0.11913E+02    0.67744E-01   -0.63914E-04
    0.12524E+02    0.54820E-01   -0.54139E-04
    0.13166E+02    0.43663E-01   -0.44954E-04
    0.13841E+02    0.34201E-01   -0.36579E-04
    0.14551E+02    0.26324E-01   -0.29155E-04
    0.15297E+02    0.19891E-01   -0.22750E-04
    0.16081E+02    0.14742E-01   -0.17367E-04
    0.16905E+02    0.10705E-01   -0.12962E-04
    0.17772E+02    0.76086E-02   -0.94501E-05
    0.18683E+02    0.52875E-02   -0.67239E-05
    0.19641E+02    0.35884E-02   -0.46645E-05
    0.20648E+02    0.23755E-02   -0.31515E-05
    0.21707E+02    0.15319E-02   -0.20714E-05
    0.22820E+02    0.96103E-03   -0.13229E-05
    0.23990E+02    0.58572E-03   -0.81979E-06
    0.25220E+02    0.34628E-03   -0.49228E-06
    0.26513E+02    0.19828E-03   -0.28602E-06
    0.27872E+02    0.10978E-03   -0.16055E-06
    0.29301E+02    0.58672E-04   -0.86913E-07
    0.30804E+02    0.30213E-04   -0.45299E-07
    0.32383E+02    0.14962E-04   -0.22689E-07
    0.34043E+02    0.71110E-05   -0.10900E-07
    0.35789E+02    0.32369E-05   -0.50115E-08
    0.37624E+02    0.14080E-05   -0.22008E-08
    0.39553E+02    0.58388E-06   -0.92081E-09
    0.41581E+02    0.23030E-06   -0.36627E-09
    0.43713E+02    0.86141E-07   -0.13809E-09
    0.45954E+02    0.30492E-07   -0.49248E-10
    0.48310E+02    0.10171E-07   -0.16544E-10
    0.50787E+02    0.32090E-08   -0.52489E-11
    0.53391E+02    0.80121E-09   -0.13148E-11
    0.56128E+02    0.18545E-09   -0.28632E-12
