    0.0000000000D+00    0.0000000000D+00    0.0000000000D+00
    0.8907498517D-02   -0.5462831312D-03   -0.8471977056D-03
    0.9364197196D-02   -0.6197529154D-03   -0.9214584776D-03
    0.9844311318D-02   -0.7030216250D-03   -0.1001578891D-02
    0.1034904142D-01   -0.7973530099D-03   -0.1087922674D-02
    0.1087964958D-01   -0.9041621605D-03   -0.1180860638D-02
    0.1143746261D-01   -0.1025030943D-02   -0.1280767974D-02
    0.1202387532D-01   -0.1161724407D-02   -0.1388020962D-02
    0.1264035406D-01   -0.1316208093D-02   -0.1502993042D-02
    0.1328844033D-01   -0.1490666099D-02   -0.1626050176D-02
    0.1396975470D-01   -0.1687519742D-02   -0.1757545434D-02
    0.1468600081D-01   -0.1909446565D-02   -0.1897812737D-02
    0.1543896964D-01   -0.2159399359D-02   -0.2047159708D-02
    0.1623054400D-01   -0.2440624801D-02   -0.2205859560D-02
    0.1706270325D-01   -0.2756681190D-02   -0.2374141996D-02
    0.1793752822D-01   -0.3111454653D-02   -0.2552183070D-02
    0.1885720642D-01   -0.3509173048D-02   -0.2740094018D-02
    0.1982403753D-01   -0.3954416670D-02   -0.2937909041D-02
    0.2084043914D-01   -0.4452124674D-02   -0.3145572102D-02
    0.2190895277D-01   -0.5007595975D-02   -0.3362922774D-02
    0.2303225026D-01   -0.5626483206D-02   -0.3589681251D-02
    0.2421314045D-01   -0.6314778090D-02   -0.3825432671D-02
    0.2545457617D-01   -0.7078786408D-02   -0.4069610924D-02
    0.2675966166D-01   -0.7925090546D-02   -0.4321482204D-02
    0.2813166032D-01   -0.8860497393D-02   -0.4580128595D-02
    0.2957400285D-01   -0.9891969214D-02   -0.4844432077D-02
    0.3109029587D-01   -0.1102653496D-01   -0.5113059386D-02
    0.3268433089D-01   -0.1227117944D-01   -0.5384448268D-02
    0.3436009383D-01   -0.1363270764D-01   -0.5656795757D-02
    0.3612177498D-01   -0.1511758175D-01   -0.5928049186D-02
    0.3797377945D-01   -0.1673172862D-01   -0.6195900758D-02
    0.3992073822D-01   -0.1848031574D-01   -0.6457786579D-02
    0.4196751970D-01   -0.2036749468D-01   -0.6710891131D-02
    0.4411924192D-01   -0.2239611185D-01   -0.6952158207D-02
    0.4638128529D-01   -0.2456738763D-01   -0.7178309243D-02
    0.4875930610D-01   -0.2688056667D-01   -0.7385869951D-02
    0.5125925065D-01   -0.2933254398D-01   -0.7571205843D-02
    0.5388737009D-01   -0.3191747344D-01   -0.7730566898D-02
    0.5665023610D-01   -0.3462636704D-01   -0.7860141135D-02
    0.5955475728D-01   -0.3744669527D-01   -0.7956116183D-02
    0.6260819645D-01   -0.4036199905D-01   -0.8014747257D-02
    0.6581818878D-01   -0.4335152410D-01   -0.8032429348D-02
    0.6919276095D-01   -0.4638988629D-01   -0.8005770884D-02
    0.7274035113D-01   -0.4944677370D-01   -0.7931666102D-02
    0.7646983015D-01   -0.5248668709D-01   -0.7807363833D-02
    0.8039052364D-01   -0.5546871662D-01   -0.7630531566D-02
    0.8451223539D-01   -0.5834635047D-01   -0.7399315629D-02
    0.8884527183D-01   -0.6106731352D-01   -0.7112400671D-02
    0.9340046778D-01   -0.6357344399D-01   -0.6769074241D-02
    0.9818921364D-01   -0.6580063469D-01   -0.6369304082D-02
    0.1032234837D+00   -0.6767889404D-01   -0.5913835892D-02
    0.1085158664D+00   -0.6913261814D-01   -0.5404316952D-02
    0.1140795953D+00   -0.7008120268D-01   -0.4843445216D-02
    0.1199285827D+00   -0.7044014904D-01   -0.4235134463D-02
    0.1260774541D+00   -0.7012282173D-01   -0.3584675020D-02
    0.1325415848D+00   -0.6904297659D-01   -0.2898858645D-02
    0.1393371387D+00   -0.6711809207D-01   -0.2186028964D-02
    0.1464811080D+00   -0.6427340060D-01   -0.1456019012D-02
    0.1539913565D+00   -0.6044635072D-01   -0.7199478879D-03
    0.1618866636D+00   -0.5559106847D-01    0.1012982146D-04
    0.1701867718D+00   -0.4968228136D-01    0.7216978176D-03
    0.1789124356D+00   -0.4271817646D-01    0.1402317700D-02
    0.1880854738D+00   -0.3472183141D-01    0.2040149786D-02
    0.1977288238D+00   -0.2574119505D-01    0.2624359238D-02
    0.2078665988D+00   -0.1584806307D-01    0.3145325077D-02
    0.2185241487D+00   -0.5136986168D-02    0.3594611766D-02
    0.2297281229D+00    0.6274603997D-02    0.3964730347D-02
    0.2415065370D+00    0.1824376007D-01    0.4248795314D-02
    0.2538888434D+00    0.3059609210D-01    0.4440252157D-02
    0.2669060043D+00    0.4311684412D-01    0.4532880605D-02
    0.2805905692D+00    0.5554078417D-01    0.4521244753D-02
    0.2949767568D+00    0.6754428728D-01    0.4401652300D-02
    0.3101005400D+00    0.7874403377D-01    0.4173515810D-02
    0.3259997361D+00    0.8870663849D-01    0.3840824587D-02
    0.3427141015D+00    0.9697186325D-01    0.3413303918D-02
    0.3602854307D+00    0.1030889315D+00    0.2906825162D-02
    0.3787576612D+00    0.1066615732D+00    0.2342768724D-02
    0.3981769832D+00    0.1073940052D+00    0.1746307965D-02
    0.4185919551D+00    0.1051284032D+00    0.1143893170D-02
    0.4400536251D+00    0.9986542316D-01    0.5604590718D-03
    0.4626156583D+00    0.9176291638D-01    0.1696425539D-04
    0.4863344718D+00    0.8111315272D-01   -0.4712350054D-03
    0.5112693748D+00    0.6830397146D-01   -0.8949257289D-03
    0.5374827177D+00    0.5377272589D-01   -0.1250543450D-02
    0.5650400474D+00    0.3796272563D-01   -0.1538935104D-02
    0.5940102716D+00    0.2129011971D-01   -0.1763792721D-02
    0.6244658309D+00    0.4125633212D-02   -0.1930155427D-02
    0.6564828802D+00   -0.1320849719D-01   -0.2043263017D-02
    0.6901414787D+00   -0.3042951405D-01   -0.2107890281D-02
    0.7255257904D+00   -0.4727833714D-01   -0.2128149598D-02
    0.7627242946D+00   -0.6350287498D-01   -0.2107651101D-02
    0.8018300069D+00   -0.7884562830D-01   -0.2049862697D-02
    0.8429407119D+00   -0.9303907019D-01   -0.1958509396D-02
    0.8861592078D+00   -0.1058100884D+00   -0.1837879979D-02
    0.9315935635D+00   -0.1168925287D+00   -0.1692956729D-02
    0.9793573883D+00   -0.1260450112D+00   -0.1529339654D-02
    0.1029570117D+01   -0.1330700563D+00   -0.1352990063D-02
    0.1082357307D+01   -0.1378303824D+00   -0.1169859572D-02
    0.1137850954D+01   -0.1402590233D+00   -0.9854915320D-03
    0.1196189822D+01   -0.1403614366D+00   -0.8046794965D-03
    0.1257519787D+01   -0.1382096221D+00   -0.6312444979D-03
    0.1321994206D+01   -0.1339299409D+00   -0.4679582800D-03
    0.1389774300D+01   -0.1276874353D+00   -0.3166041770D-03
    0.1461029554D+01   -0.1196697814D+00   -0.1781404560D-03
    0.1535938142D+01   -0.1100735996D+00   -0.5291794035D-04
    0.1614687376D+01   -0.9909493531D-01    0.5909538315D-04
    0.1697474170D+01   -0.8692459662D-01    0.1581192164D-03
    0.1784505533D+01   -0.7374801892D-01    0.2444162786D-03
    0.1875999090D+01   -0.5974859587D-01    0.3182041456D-03
    0.1972183621D+01   -0.4511306824D-01    0.3796183407D-03
    0.2073299639D+01   -0.3003755432D-01    0.4287149653D-03
    0.2179599986D+01   -0.1473305587D-01    0.4654992800D-03
    0.2291350469D+01    0.5703663239D-03    0.4899680767D-03
    0.2408830521D+01    0.1562118483D-01    0.5021567456D-03
    0.2532333904D+01    0.3014592076D-01    0.5021855571D-03
    0.2662169441D+01    0.4385058911D-01    0.4903027602D-03
    0.2798661789D+01    0.5642406432D-01    0.4669239228D-03
    0.2942152248D+01    0.6754343019D-01    0.4326675940D-03
    0.3092999621D+01    0.7688148218D-01    0.3883868865D-03
    0.3251581105D+01    0.8411661173D-01    0.3351954756D-03
    0.3418293234D+01    0.8894526964D-01    0.2744853170D-03
    0.3593552878D+01    0.9109705671D-01    0.2079326174D-03
    0.3777798275D+01    0.9035223029D-01    0.1374886345D-03
    0.3971490136D+01    0.8656109744D-01    0.6535253289D-04
    0.4175112791D+01    0.7966443885D-01   -0.6075225827D-05
    0.4389175403D+01    0.6971381467D-01   -0.7425898342D-04
    0.4614213239D+01    0.5689038858D-01   -0.1366121983D-03
    0.4850789012D+01    0.4152075520D-01   -0.1905976345D-03
    0.5099494285D+01    0.2408816091D-01   -0.2338402993D-03
    0.5360950949D+01    0.5237440872D-02   -0.2642494789D-03
    0.5635812783D+01   -0.1422807164D-01   -0.2801456365D-03
    0.5924767085D+01   -0.3335946568D-01   -0.2803871678D-03
    0.6228536391D+01   -0.5108682540D-01   -0.2644909018D-03
    0.6547880282D+01   -0.6625719934D-01   -0.2327387703D-03
    0.6883597284D+01   -0.7768742519D-01   -0.1862613040D-03
    0.7236526866D+01   -0.8423265098D-01   -0.1270868593D-03
    0.7607551533D+01   -0.8487029672D-01   -0.5814399828D-04
    0.7997599043D+01   -0.7879750035D-01    0.1679608740D-04
    0.8407644715D+01   -0.6553771400D-01    0.9324923417D-04
    0.8838713879D+01   -0.4504911804D-01    0.1662288971D-03
    0.9291884432D+01   -0.1782413214D-01    0.2305403653D-03
    0.9768289536D+01    0.1503401591D-01    0.2811520578D-03
    0.1026912045D+02    0.5177422933D-01    0.3136252248D-03
    0.1079562952D+02    0.9001742296D-01    0.3245698494D-03
    0.1134913328D+02    0.1268489734D+00    0.3120807485D-03
    0.1193101579D+02    0.1589942061D+00    0.2760983486D-03
    0.1254273205D+02    0.1830783582D+00    0.2186330355D-03
    0.1318581167D+02    0.1959600286D+00    0.1437981305D-03
    0.1386186270D+02    0.1951124995D+00    0.5761016444D-04
    0.1457257560D+02    0.1790124254D+00   -0.3245879010D-04
    0.1531972753D+02    0.1474833727D+00   -0.1181576726D-03
    0.1610518675D+02    0.1019354390D+00   -0.1913061150D-03
    0.1693091734D+02    0.4544441745D-01   -0.2447251594D-03
    0.1779898403D+02   -0.1737319492D-01   -0.2731300718D-03
    0.1871155746D+02   -0.8070977258D-01   -0.2738558082D-03
    0.1967091953D+02   -0.1381292376D+00   -0.2472934492D-03
    0.2067946914D+02   -0.1832944100D+00   -0.1969461114D-03
    0.2173972820D+02   -0.2107750329D+00   -0.1290636968D-03
    0.2285434790D+02   -0.2168245287D+00   -0.5187760806D-04
    0.2402611537D+02   -0.2000006371D+00    0.2547316667D-04
    0.2525796065D+02   -0.1615127024D+00    0.9417562222D-04
    0.2655296399D+02   -0.1052088509D+00    0.1469449086D-03
    0.2791436357D+02   -0.3716910740D-01    0.1789977036D-03
    0.2934556359D+02    0.3506383022D-01    0.1886265464D-03
    0.3085014281D+02    0.1035085924D+00    0.1772816764D-03
    0.3243186346D+02    0.1608811287D+00    0.1490977157D-03
    0.3409468066D+02    0.2015954397D+00    0.1100978996D-03
    0.3584275232D+02    0.2225338654D+00    0.6705089523D-04
    0.3768044953D+02    0.2234283199D+00    0.2613286496D-04
    0.3961236749D+02    0.2065779302D+00   -0.7737133284D-05
    0.4164333700D+02    0.1763273569D+00   -0.3156108948D-04
    0.4377843655D+02    0.1382254903D+00   -0.4458991140D-04
    0.4602300499D+02    0.9793097157D-01   -0.4791583158D-04
    0.4838265491D+02    0.6037167382D-01   -0.4386249183D-04
    0.5086328668D+02    0.2905723707D-01   -0.3532570276D-04
    0.5347110315D+02    0.5812702376D-02   -0.2510287561D-04
    0.5621262524D+02   -0.9138161522D-02   -0.1538380130D-04
    0.5909470817D+02   -0.1681145512D-01   -0.7528547927D-05
    0.6212455865D+02   -0.1895217075D-01   -0.2070182258D-05
    0.6530975288D+02   -0.1751994749D-01    0.1097865633D-05
    0.6865825552D+02   -0.1427988649D-01    0.2467374185D-05
    0.7217843955D+02   -0.1056835076D-01    0.2651760915D-05
    0.7587910728D+02   -0.7228572744D-02    0.2208916716D-05
    0.7976951231D+02   -0.4656342565D-02    0.1528279836D-05
    0.8385938266D+02   -0.2989041380D-02    0.8347092246D-06
    0.8815894516D+02   -0.1976710391D-02    0.5195373007D-06
    0.9267895093D+02   -0.1215947183D-02    0.4503328968D-06
    0.9743070236D+02   -0.6466337950D-03    0.2848784220D-06
