    0.0000000000D+00    0.0000000000D+00    0.0000000000D+00
    0.7292837789D-02    0.5643297071D-03    0.1027044649D-02
    0.7666751043D-02    0.6402102859D-03    0.1119676261D-02
    0.8059835240D-02    0.7263083444D-03    0.1220021761D-02
    0.8473073294D-02    0.8239739988D-03    0.1328627014D-02
    0.8907498517D-02    0.9347274783D-03    0.1446061683D-02
    0.9364197196D-02    0.1060278557D-02    0.1572917768D-02
    0.9844311318D-02    0.1202547759D-02    0.1709807595D-02
    0.1034904142D-01    0.1363689404D-02    0.1857361166D-02
    0.1087964958D-01    0.1546116521D-02    0.2016222784D-02
    0.1143746261D-01    0.1752527651D-02    0.2187046842D-02
    0.1202387532D-01    0.1985935486D-02    0.2370492692D-02
    0.1264035406D-01    0.2249697268D-02    0.2567218462D-02
    0.1328844033D-01    0.2547546786D-02    0.2777873723D-02
    0.1396975470D-01    0.2883627733D-02    0.3003090881D-02
    0.1468600081D-01    0.3262528088D-02    0.3243475183D-02
    0.1543896964D-01    0.3689315056D-02    0.3499593218D-02
    0.1623054400D-01    0.4169569976D-02    0.3771959813D-02
    0.1706270325D-01    0.4709422413D-02    0.4061023224D-02
    0.1793752822D-01    0.5315582484D-02    0.4367148543D-02
    0.1885720642D-01    0.5995370218D-02    0.4690599273D-02
    0.1982403753D-01    0.6756740517D-02    0.5031517031D-02
    0.2084043914D-01    0.7608301977D-02    0.5389899410D-02
    0.2190895277D-01    0.8559327551D-02    0.5765576047D-02
    0.2303225026D-01    0.9619754645D-02    0.6158183028D-02
    0.2421314045D-01    0.1080017191D-01    0.6567135799D-02
    0.2545457617D-01    0.1211178957D-01    0.6991600870D-02
    0.2675966166D-01    0.1356638982D-01    0.7430466655D-02
    0.2813166032D-01    0.1517625321D-01    0.7882313901D-02
    0.2957400285D-01    0.1695405691D-01    0.8345386283D-02
    0.3109029587D-01    0.1891274002D-01    0.8817561842D-02
    0.3268433089D-01    0.2106533105D-01    0.9296326062D-02
    0.3436009383D-01    0.2342473246D-01    0.9778747543D-02
    0.3612177498D-01    0.2600345694D-01    0.1026145731D-01
    0.3797377945D-01    0.2881331043D-01    0.1074063292D-01
    0.3992073822D-01    0.3186501680D-01    0.1121198877D-01
    0.4196751970D-01    0.3516778014D-01    0.1167077379D-01
    0.4411924192D-01    0.3872878095D-01    0.1211177824D-01
    0.4638128529D-01    0.4255260415D-01    0.1252935097D-01
    0.4875930610D-01    0.4664059827D-01    0.1291742876D-01
    0.5125925065D-01    0.5099016738D-01    0.1326957923D-01
    0.5388737009D-01    0.5559400015D-01    0.1357905886D-01
    0.5665023610D-01    0.6043924372D-01    0.1383888740D-01
    0.5955475728D-01    0.6550663406D-01    0.1404193974D-01
    0.6260819645D-01    0.7076959936D-01    0.1418105619D-01
    0.6581818878D-01    0.7619335820D-01    0.1424917150D-01
    0.6919276095D-01    0.8173404066D-01    0.1423946262D-01
    0.7274035113D-01    0.8733786659D-01    0.1414551424D-01
    0.7646983015D-01    0.9294042255D-01    0.1396150070D-01
    0.8039052364D-01    0.9846608550D-01    0.1368238154D-01
    0.8451223539D-01    0.1038276477D+00    0.1330410693D-01
    0.8884527183D-01    0.1089262027D+00    0.1282382809D-01
    0.9340046778D-01    0.1136513560D+00    0.1224010614D-01
    0.9818921364D-01    0.1178818255D+00    0.1155311200D-01
    0.1032234837D+00    0.1214864945D+00    0.1076480842D-01
    0.1085158664D+00    0.1243259757D+00    0.9879104679D-02
    0.1140795953D+00    0.1262547328D+00    0.8901973954D-02
    0.1199285827D+00    0.1271237944D+00    0.7841523653D-02
    0.1260774541D+00    0.1267840738D+00    0.6708009954D-02
    0.1325415848D+00    0.1250902856D+00    0.5513789322D-02
    0.1393371387D+00    0.1219054252D+00    0.4273202119D-02
    0.1464811080D+00    0.1171057451D+00    0.3002386142D-02
    0.1539913565D+00    0.1105861362D+00    0.1719020909D-02
    0.1618866636D+00    0.1022657879D+00    0.4420063676D-03
    0.1701867718D+00    0.9209397588D-01   -0.8089177642D-03
    0.1789124356D+00    0.8005579237D-01   -0.2013603932D-02
    0.1880854738D+00    0.6617761190D-01   -0.3151970581D-02
    0.1977288238D+00    0.5053205326D-01   -0.4204507759D-02
    0.2078665988D+00    0.3324217500D-01   -0.5152803712D-02
    0.2185241487D+00    0.1448461666D-01   -0.5980080736D-02
    0.2297281229D+00   -0.5508620661D-02   -0.6671726791D-02
    0.2415065370D+00   -0.2645006797D-01   -0.7215806422D-02
    0.2538888434D+00   -0.4799865863D-01   -0.7603530637D-02
    0.2669060043D+00   -0.6976383752D-01   -0.7829660829D-02
    0.2805905692D+00   -0.9131209516D-01   -0.7892817956D-02
    0.2949767568D+00   -0.1121759930D+00   -0.7795666223D-02
    0.3101005400D+00   -0.1318655850D+00   -0.7544942156D-02
    0.3259997361D+00   -0.1498819450D+00   -0.7151306281D-02
    0.3427141015D+00   -0.1657323004D+00   -0.6629006144D-02
    0.3602854307D+00   -0.1789460732D+00   -0.5995355344D-02
    0.3787576612D+00   -0.1890909755D+00   -0.5270051633D-02
    0.3981769832D+00   -0.1957882249D+00   -0.4474375244D-02
    0.4185919551D+00   -0.1987259576D+00   -0.3630322898D-02
    0.4400536251D+00   -0.1976700329D+00   -0.2759740859D-02
    0.4626156583D+00   -0.1924716296D+00   -0.1883519929D-02
    0.4863344718D+00   -0.1830713054D+00   -0.1020906508D-02
    0.5112693748D+00   -0.1694994836D+00   -0.1889683149D-03
    0.5374827177D+00   -0.1518736119D+00    0.5977660918D-03
    0.5650400474D+00   -0.1303924500D+00    0.1327494598D-02
    0.5940102716D+00   -0.1053280840D+00    0.1991173147D-02
    0.6244658309D+00   -0.7701630510D-01    0.2582420888D-02
    0.6564828802D+00   -0.4584595677D-01    0.3097333490D-02
    0.6901414787D+00   -0.1224775526D-01    0.3534238812D-02
    0.7255257904D+00    0.2331703337D-01    0.3893424070D-02
    0.7627242946D+00    0.6036779799D-01    0.4176855996D-02
    0.8018300069D+00    0.9841550011D-01    0.4387907271D-02
    0.8429407119D+00    0.1369731873D+00    0.4531095295D-02
    0.8861592078D+00    0.1755659917D+00    0.4611834383D-02
    0.9315935635D+00    0.2137404762D+00    0.4636199927D-02
    0.9793573883D+00    0.2510731425D+00    0.4610702914D-02
    0.1029570117D+01    0.2871778737D+00    0.4542074584D-02
    0.1082357307D+01    0.3217120539D+00    0.4437063238D-02
    0.1137850954D+01    0.3543811207D+00    0.4302247259D-02
    0.1196189822D+01    0.3849413457D+00    0.4143869771D-02
    0.1257519787D+01    0.4132007236D+00    0.3967700554D-02
    0.1321994206D+01    0.4390179516D+00    0.3778929928D-02
    0.1389774300D+01    0.4622996008D+00    0.3582097488D-02
    0.1461029554D+01    0.4829956881D+00    0.3381056261D-02
    0.1535938142D+01    0.5010939568D+00    0.3178970433D-02
    0.1614687376D+01    0.5166132369D+00    0.2978342784D-02
    0.1697474170D+01    0.5295962953D+00    0.2781066415D-02
    0.1784505533D+01    0.5401025921D+00    0.2588494594D-02
    0.1875999090D+01    0.5482013373D+00    0.2401522342D-02
    0.1972183621D+01    0.5539652025D+00    0.2220673788D-02
    0.2073299639D+01    0.5574649890D+00    0.2046190012D-02
    0.2179599986D+01    0.5587654862D+00    0.1878113036D-02
    0.2291350469D+01    0.5579226928D+00    0.1716362541D-02
    0.2408830521D+01    0.5549824966D+00    0.1560802837D-02
    0.2532333904D+01    0.5499808477D+00    0.1411298392D-02
    0.2662169441D+01    0.5429453805D+00    0.1267756921D-02
    0.2798661789D+01    0.5338983805D+00    0.1130159671D-02
    0.2942152248D+01    0.5228609150D+00    0.9985790219D-03
    0.3092999621D+01    0.5098578903D+00    0.8731840280D-03
    0.3251581105D+01    0.4949237331D+00    0.7542349254D-03
    0.3418293234D+01    0.4781083480D+00    0.6420680174D-03
    0.3593552878D+01    0.4594829635D+00    0.5370726732D-03
    0.3777798275D+01    0.4391454575D+00    0.4396624337D-03
    0.3971490136D+01    0.4172247527D+00    0.3502424106D-03
    0.4175112791D+01    0.3938838915D+00    0.2691752616D-03
    0.4389175403D+01    0.3693214451D+00    0.1967480432D-03
    0.4614213239D+01    0.3437709831D+00    0.1331421513D-03
    0.4850789012D+01    0.3174984259D+00    0.7840837622D-04
    0.5099494285D+01    0.2907972208D+00    0.3244880776D-04
    0.5360950949D+01    0.2639814244D+00   -0.4993068829D-05
    0.5635812783D+01    0.2373769226D+00   -0.3433323470D-04
    0.5924767085D+01    0.2113111719D+00   -0.5613867792D-04
    0.6228536391D+01    0.1861019911D+00   -0.7110996041D-04
    0.6547880282D+01    0.1620460483D+00   -0.8005580277D-04
    0.6883597284D+01    0.1394077667D+00   -0.8386128867D-04
    0.7236526866D+01    0.1184094001D+00   -0.8345181083D-04
    0.7607551533D+01    0.9922299076D-01   -0.7975525315D-04
    0.7997599043D+01    0.8196481990D-01   -0.7366507663D-04
    0.8407644715D+01    0.6669279011D-01   -0.6600691691D-04
    0.8838713879D+01    0.5340696019D-01   -0.5751099497D-04
    0.9291884432D+01    0.4205319522D-01   -0.4879211043D-04
    0.9768289536D+01    0.3252963199D-01   -0.4033827459D-04
    0.1026912045D+02    0.2469541763D-01   -0.3250822602D-04
    0.1079562952D+02    0.1838098894D-01   -0.2553724791D-04
    0.1134913328D+02    0.1339904523D-01   -0.1954997307D-04
    0.1193101579D+02    0.9555344510D-02   -0.1457831077D-04
    0.1254273205D+02    0.6658524481D-02   -0.1058232202D-04
    0.1318581167D+02    0.4528305947D-02   -0.7471837450D-05
    0.1386186270D+02    0.3001653463D-02   -0.5126839527D-05
    0.1457257560D+02    0.1936715392D-02   -0.3415067405D-05
    0.1531972753D+02    0.1214607128D-02   -0.2205866022D-05
    0.1610518675D+02    0.7393052494D-03   -0.1379896478D-05
