    0.0000000000D+00    0.0000000000D+00    0.0000000000D+00
    0.1475929836D-03    0.5178183245D-03    0.2164751926D-02
    0.1551617026D-03    0.5520768245D-03    0.2261784770D-02
    0.1631184781D-03    0.5875946100D-03    0.2362873862D-02
    0.1714832062D-03    0.6244425285D-03    0.2468196679D-02
    0.1802768031D-03    0.6627024649D-03    0.2577936409D-02
    0.1895212573D-03    0.7024648414D-03    0.2692282557D-02
    0.1992396849D-03    0.7438272355D-03    0.2811431428D-02
    0.2094563868D-03    0.7868937669D-03    0.2935586526D-02
    0.2201969103D-03    0.8317749768D-03    0.3064958876D-02
    0.2314881122D-03    0.8785880062D-03    0.3199767310D-02
    0.2433582264D-03    0.9274569562D-03    0.3340238730D-02
    0.2558369344D-03    0.9785133617D-03    0.3486608353D-02
    0.2689554394D-03    0.1031896744D-02    0.3639119941D-02
    0.2827465445D-03    0.1087755225D-02    0.3798026037D-02
    0.2972447348D-03    0.1146246199D-02    0.3963588181D-02
    0.3124862631D-03    0.1207537062D-02    0.4136077130D-02
    0.3285092413D-03    0.1271805999D-02    0.4315773063D-02
    0.3453537351D-03    0.1339242832D-02    0.4502965777D-02
    0.3630618647D-03    0.1410049946D-02    0.4697954873D-02
    0.3816779094D-03    0.1484443281D-02    0.4901049922D-02
    0.4012484192D-03    0.1562653407D-02    0.5112570620D-02
    0.4218223304D-03    0.1644926686D-02    0.5332846919D-02
    0.4434510887D-03    0.1731526530D-02    0.5562219136D-02
    0.4661887771D-03    0.1822734761D-02    0.5801038030D-02
    0.4900922517D-03    0.1918853078D-02    0.6049664855D-02
    0.5152212837D-03    0.2020204646D-02    0.6308471371D-02
    0.5416387086D-03    0.2127135817D-02    0.6577839822D-02
    0.5694105839D-03    0.2240017978D-02    0.6858162855D-02
    0.5986063538D-03    0.2359249565D-02    0.7149843401D-02
    0.6292990227D-03    0.2485258224D-02    0.7453294492D-02
    0.6615653384D-03    0.2618503156D-02    0.7768939010D-02
    0.6954859836D-03    0.2759477639D-02    0.8097209368D-02
    0.7311457773D-03    0.2908711756D-02    0.8438547106D-02
    0.7686338878D-03    0.3066775340D-02    0.8793402400D-02
    0.8080440549D-03    0.3234281142D-02    0.9162233467D-02
    0.8494748244D-03    0.3411888250D-02    0.9545505864D-02
    0.8930297948D-03    0.3600305768D-02    0.9943691657D-02
    0.9388178764D-03    0.3800296780D-02    0.1035726846D-01
    0.9869535631D-03    0.4012682606D-02    0.1078671833D-01
    0.1037557219D-02    0.4238347381D-02    0.1123252649D-01
    0.1090755380D-02    0.4478242962D-02    0.1169517986D-01
    0.1146681069D-02    0.4733394201D-02    0.1217516544D-01
    0.1205474130D-02    0.5004904581D-02    0.1267296839D-01
    0.1267281575D-02    0.5293962252D-02    0.1318907001D-01
    0.1332257956D-02    0.5601846478D-02    0.1372394532D-01
    0.1400565747D-02    0.5929934513D-02    0.1427806044D-01
    0.1472375753D-02    0.6279708920D-02    0.1485186970D-01
    0.1547867537D-02    0.6652765360D-02    0.1544581234D-01
    0.1627229868D-02    0.7050820846D-02    0.1606030892D-01
    0.1710661192D-02    0.7475722482D-02    0.1669575734D-01
    0.1798370132D-02    0.7929456697D-02    0.1735252845D-01
    0.1890576005D-02    0.8414158955D-02    0.1803096121D-01
    0.1987509374D-02    0.8932123967D-02    0.1873135739D-01
    0.2089412624D-02    0.9485816357D-02    0.1945397581D-01
    0.2196540565D-02    0.1007788179D-01    0.2019902599D-01
    0.2309161073D-02    0.1071115852D-01    0.2096666124D-01
    0.2427555757D-02    0.1138868930D-01    0.2175697121D-01
    0.2552020667D-02    0.1211373362D-01    0.2256997378D-01
    0.2682867030D-02    0.1288978017D-01    0.2340560623D-01
    0.2820422029D-02    0.1372055948D-01    0.2426371586D-01
    0.2965029623D-02    0.1461005652D-01    0.2514404973D-01
    0.3117051408D-02    0.1556252324D-01    0.2604624377D-01
    0.3276867516D-02    0.1658249080D-01    0.2696981108D-01
    0.3444877571D-02    0.1767478122D-01    0.2791412947D-01
    0.3621501686D-02    0.1884451834D-01    0.2887842818D-01
    0.3807181513D-02    0.2009713767D-01    0.2986177383D-01
    0.4002381348D-02    0.2143839483D-01    0.3086305558D-01
    0.4207589293D-02    0.2287437213D-01    0.3188096949D-01
    0.4423318474D-02    0.2441148289D-01    0.3291400219D-01
    0.4650108326D-02    0.2605647287D-01    0.3396041384D-01
    0.4888525943D-02    0.2781641818D-01    0.3501822040D-01
    0.5139167493D-02    0.2969871910D-01    0.3608517546D-01
    0.5402659710D-02    0.3171108872D-01    0.3715875154D-01
    0.5679661461D-02    0.3386153576D-01    0.3823612115D-01
    0.5970865396D-02    0.3615834040D-01    0.3931413767D-01
    0.6276999676D-02    0.3861002192D-01    0.4038931629D-01
    0.6598829797D-02    0.4122529697D-01    0.4145781533D-01
    0.6937160500D-02    0.4401302708D-01    0.4251541803D-01
    0.7292837789D-02    0.4698215364D-01    0.4355751534D-01
    0.7666751043D-02    0.5014161894D-01    0.4457908996D-01
    0.8059835240D-02    0.5350027130D-01    0.4557470213D-01
    0.8473073294D-02    0.5706675223D-01    0.4653847763D-01
    0.8907498517D-02    0.6084936377D-01    0.4746409862D-01
    0.9364197196D-02    0.6485591365D-01    0.4834479780D-01
    0.9844311318D-02    0.6909353607D-01    0.4917335680D-01
    0.1034904142D-01    0.7356848573D-01    0.4994210942D-01
    0.1087964958D-01    0.7828590294D-01    0.5064295055D-01
    0.1143746261D-01    0.8324954743D-01    0.5126735188D-01
    0.1202387532D-01    0.8846149877D-01    0.5180638510D-01
    0.1264035406D-01    0.9392182163D-01    0.5225075392D-01
    0.1328844033D-01    0.9962819415D-01    0.5259083579D-01
    0.1396975470D-01    0.1055754986D+00    0.5281673459D-01
    0.1468600081D-01    0.1117553735D+00    0.5291834543D-01
    0.1543896964D-01    0.1181557281D+00    0.5288543262D-01
    0.1623054400D-01    0.1247602202D+00    0.5270772204D-01
    0.1706270325D-01    0.1315477004D+00    0.5237500898D-01
    0.1793752822D-01    0.1384916261D+00    0.5187728225D-01
    0.1885720642D-01    0.1455594529D+00    0.5120486544D-01
    0.1982403753D-01    0.1527120102D+00    0.5034857585D-01
    0.2084043914D-01    0.1599028721D+00    0.4929990131D-01
    0.2190895277D-01    0.1670777378D+00    0.4805119477D-01
    0.2303225026D-01    0.1741738373D+00    0.4659588601D-01
    0.2421314045D-01    0.1811193837D+00    0.4492870943D-01
    0.2545457617D-01    0.1878330947D+00    0.4304594591D-01
    0.2675966166D-01    0.1942238137D+00    0.4094567643D-01
    0.2813166032D-01    0.2001902599D+00    0.3862804393D-01
    0.2957400285D-01    0.2056209468D+00    0.3609551908D-01
    0.3109029587D-01    0.2103943070D+00    0.3335316481D-01
    0.3268433089D-01    0.2143790700D+00    0.3040889327D-01
    0.3436009383D-01    0.2174349379D+00    0.2727370781D-01
    0.3612177498D-01    0.2194136114D+00    0.2396192177D-01
    0.3797377945D-01    0.2201602142D+00    0.2049134474D-01
    0.3992073822D-01    0.2195151680D+00    0.1688342620D-01
    0.4196751970D-01    0.2173165653D+00    0.1316334574D-01
    0.4411924192D-01    0.2134030819D+00    0.9360038656D-02
    0.4638128529D-01    0.2076174659D+00    0.5506145506D-02
    0.4875930610D-01    0.1998106257D+00    0.1637874412D-02
    0.5125925065D-01    0.1898463255D+00   -0.2205234659D-02
    0.5388737009D-01    0.1776064788D+00   -0.5980653339D-02
    0.5665023610D-01    0.1629970036D+00   -0.9643324313D-02
    0.5955475728D-01    0.1459541758D+00   -0.1314624307D-01
    0.6260819645D-01    0.1264513833D+00   -0.1644116562D-01
    0.6581818878D-01    0.1045061415D+00   -0.1947944252D-01
    0.6919276095D-01    0.8018719181D-01   -0.2221297570D-01
    0.7274035113D-01    0.5362145267D-01   -0.2459528944D-01
    0.7646983015D-01    0.2500054746D-01   -0.2658270165D-01
    0.8039052364D-01   -0.5413418031D-02   -0.2813557477D-01
    0.8451223539D-01   -0.3728320034D-01   -0.2921961851D-01
    0.8884527183D-01   -0.7019329680D-01   -0.2980720922D-01
    0.9340046778D-01   -0.1036487966D+00   -0.2987868229D-01
    0.9818921364D-01   -0.1370766536D+00   -0.2942354722D-01
    0.1032234837D+00   -0.1698298203D+00   -0.2844156805D-01
    0.1085158664D+00   -0.2011946408D+00   -0.2694364814D-01
    0.1140795953D+00   -0.2304018337D+00   -0.2495245681D-01
    0.1199285827D+00   -0.2566412882D+00   -0.2250273789D-01
    0.1260774541D+00   -0.2790807585D+00   -0.1964124780D-01
    0.1325415848D+00   -0.2968883705D+00   -0.1642628241D-01
    0.1393371387D+00   -0.3092586556D+00   -0.1292676883D-01
    0.1464811080D+00   -0.3154416118D+00   -0.9220918066D-02
    0.1539913565D+00   -0.3147740693D+00   -0.5394456899D-02
    0.1618866636D+00   -0.3067124158D+00   -0.1538479039D-02
    0.1701867718D+00   -0.2908655387D+00    0.2253023794D-02
    0.1789124356D+00   -0.2670266531D+00    0.5885874117D-02
    0.1880854738D+00   -0.2352025424D+00    0.9268575554D-02
    0.1977288238D+00   -0.1956386231D+00    0.1231523844D-01
    0.2078665988D+00   -0.1488381762D+00    0.1494846450D-01
    0.2185241487D+00   -0.9557407615D-01    0.1710208888D-01
    0.2297281229D+00   -0.3689139529D-01    0.1872367535D-01
    0.2415065370D+00    0.2590058569D-01    0.1977665698D-01
    0.2538888434D+00    0.9124816974D-01    0.2024200972D-01
    0.2669060043D+00    0.1573856231D+00    0.2011934352D-01
    0.2805905692D+00    0.2223803336D+00    0.1942729846D-01
    0.2949767568D+00    0.2841901631D+00    0.1820314810D-01
    0.3101005400D+00    0.3407314845D+00    0.1650154367D-01
    0.3259997361D+00    0.3899553885D+00    0.1439238319D-01
    0.3427141015D+00    0.4299285651D+00    0.1195785802D-01
    0.3602854307D+00    0.4589145583D+00    0.9288808393D-02
    0.3787576612D+00    0.4754505939D+00    0.6480597568D-02
    0.3981769832D+00    0.4784151176D+00    0.3628778070D-02
    0.4185919551D+00    0.4670816161D+00    0.8248581179D-03
    0.4400536251D+00    0.4411552071D+00   -0.1847525904D-02
    0.4626156583D+00    0.4007897856D+00   -0.4315767357D-02
    0.4863344718D+00    0.3465850195D+00   -0.6520589878D-02
    0.5112693748D+00    0.2795639985D+00   -0.8417399191D-02
    0.5374827177D+00    0.2011336530D+00   -0.9976695223D-02
    0.5650400474D+00    0.1130310168D+00   -0.1118364129D-01
    0.5940102716D+00    0.1725893937D-01   -0.1203694967D-01
    0.6244658309D+00   -0.8398504131D-01   -0.1254727439D-01
    0.6564828802D+00   -0.1883831784D+00   -0.1273530312D-01
    0.6901414787D+00   -0.2935723054D+00   -0.1262971739D-01
    0.7255257904D+00   -0.3972164029D+00   -0.1226515381D-01
    0.7627242946D+00   -0.4970748898D+00   -0.1168025825D-01
    0.8018300069D+00   -0.5910649525D+00   -0.1091588897D-01
    0.8429407119D+00   -0.6773164804D+00   -0.1001349824D-01
    0.8861592078D+00   -0.7542183358D+00   -0.9013706139D-02
    0.9315935635D+00   -0.8204548323D+00   -0.7955074351D-02
    0.9793573883D+00   -0.8750314739D+00   -0.6873086900D-02
    0.1029570117D+01   -0.9172892930D+00   -0.5799346391D-02
    0.1082357307D+01   -0.9469075173D+00   -0.4760993893D-02
    0.1137850954D+01   -0.9638947971D+00   -0.3780356724D-02
    0.1196189822D+01   -0.9685697713D+00   -0.2874820604D-02
    0.1257519787D+01   -0.9615322853D+00   -0.2056912110D-02
    0.1321994206D+01   -0.9436270164D+00   -0.1334566084D-02
    0.1389774300D+01   -0.9159015675D+00   -0.7115429267D-03
    0.1461029554D+01   -0.8795612056D+00   -0.1879542346D-03
    0.1535938142D+01   -0.8359223694D+00    0.2391468424D-03
    0.1614687376D+01   -0.7863668577D+00    0.5751519268D-03
    0.1697474170D+01   -0.7322982935D+00    0.8272959643D-03
    0.1784505533D+01   -0.6751020908D+00    0.1004095367D-02
    0.1875999090D+01   -0.6161097902D+00    0.1114844100D-02
    0.1972183621D+01   -0.5565683059D+00    0.1169177522D-02
    0.2073299639D+01   -0.4976143844D+00    0.1176706721D-02
    0.2179599986D+01   -0.4402543983D+00    0.1146721037D-02
    0.2291350469D+01   -0.3853494954D+00    0.1087953481D-02
    0.2408830521D+01   -0.3336060578D+00    0.1008402612D-02
    0.2532333904D+01   -0.2855713792D+00    0.9152045800D-03
    0.2662169441D+01   -0.2416344091D+00    0.8145499300D-03
    0.2798661789D+01   -0.2020313268D+00    0.7116407830D-03
    0.2942152248D+01   -0.1668555845D+00    0.6106847895D-03
    0.3092999621D+01   -0.1360719042D+00    0.5149225280D-03
    0.3251581105D+01   -0.1095335413D+00    0.4266847331D-03
    0.3418293234D+01   -0.8700196449D-01    0.3474750180D-03
    0.3593552878D+01   -0.6816796929D-01    0.2780728062D-03
    0.3777798275D+01   -0.5267316824D-01    0.2186502832D-03
    0.3971490136D+01   -0.4013080016D-01    0.1688965599D-03
    0.4175112791D+01   -0.3014488078D-01    0.1281420961D-03
    0.4389175403D+01   -0.2232687558D-01    0.9547684171D-04
    0.4614213239D+01   -0.1630929559D-01    0.6985650748D-04
    0.4850789012D+01   -0.1175587739D-01    0.5019276366D-04
    0.5099494285D+01   -0.8368279971D-02    0.3542482117D-04
    0.5360950949D+01   -0.5889485794D-02    0.2457156892D-04
    0.5635812783D+01   -0.4104305292D-02    0.1676503325D-04
    0.5924767085D+01   -0.2837535055D-02    0.1126722539D-04
    0.6228536391D+01   -0.1950400092D-02    0.7473345234D-05
    0.6547880282D+01   -0.1335920231D-02    0.4904769175D-05
    0.6883597284D+01   -0.9137887040D-03    0.3195287721D-05
    0.7236526866D+01   -0.6252530466D-03    0.2073744933D-05
