    0.0000000000D+00    0.0000000000D+00    0.0000000000D+00
    0.6962626636D-05    0.5235568970D-03   -0.7532125006D-05
    0.7321073026D-05    0.5504915503D-03   -0.8326848999D-05
    0.7697897355D-05    0.5788041172D-03   -0.9205155378D-05
    0.8094041881D-05    0.6085647508D-03   -0.1017580545D-04
    0.8510497170D-05    0.6398471219D-03   -0.1124847402D-04
    0.8948304580D-05    0.6727285855D-03   -0.1243384360D-04
    0.9408558855D-05    0.7072903560D-03   -0.1374370820D-04
    0.9892410871D-05    0.7436176872D-03   -0.1519108740D-04
    0.1040107051D-04    0.7818000595D-03   -0.1679035197D-04
    0.1093580969D-04    0.8219313740D-03   -0.1855736184D-04
    0.1149796553D-04    0.8641101518D-03   -0.2050961771D-04
    0.1208894372D-04    0.9084397407D-03   -0.2266642747D-04
    0.1271022200D-04    0.9550285261D-03   -0.2504908885D-04
    0.1336335391D-04    0.1003990148D-02   -0.2768108951D-04
    0.1404997260D-04    0.1055443724D-02   -0.3058832624D-04
    0.1477179499D-04    0.1109514073D-02   -0.3379934473D-04
    0.1553062600D-04    0.1166331942D-02   -0.3734560159D-04
    0.1632836311D-04    0.1226034242D-02   -0.4126175017D-04
    0.1716700108D-04    0.1288764272D-02   -0.4558595214D-04
    0.1804863694D-04    0.1354671954D-02   -0.5036021628D-04
    0.1897547523D-04    0.1423914056D-02   -0.5563076637D-04
    0.1994983354D-04    0.1496654416D-02   -0.6144843967D-04
    0.2097414826D-04    0.1573064150D-02   -0.6786911753D-04
    0.2205098073D-04    0.1653321860D-02   -0.7495418935D-04
    0.2318302358D-04    0.1737613818D-02   -0.8277105082D-04
    0.2437310750D-04    0.1826134134D-02   -0.9139363689D-04
    0.2562420833D-04    0.1919084903D-02   -0.1009029894D-03
    0.2693945448D-04    0.2016676320D-02   -0.1113878581D-03
    0.2832213473D-04    0.2119126765D-02   -0.1229453337D-03
    0.2977570652D-04    0.2226662841D-02   -0.1356815085D-03
    0.3130380453D-04    0.2339519374D-02   -0.1497121605D-03
    0.3291024979D-04    0.2457939350D-02   -0.1651634524D-03
    0.3459905927D-04    0.2582173795D-02   -0.1821726361D-03
    0.3637445586D-04    0.2712481585D-02   -0.2008887489D-03
    0.3824087898D-04    0.2849129177D-02   -0.2214732822D-03
    0.4020299566D-04    0.2992390263D-02   -0.2441008009D-03
    0.4226571222D-04    0.3142545328D-02   -0.2689594815D-03
    0.4443418651D-04    0.3299881120D-02   -0.2962515326D-03
    0.4671384086D-04    0.3464690037D-02   -0.3261934484D-03
    0.4911037558D-04    0.3637269414D-02   -0.3590160369D-03
    0.5162978327D-04    0.3817920756D-02   -0.3949641479D-03
    0.5427836375D-04    0.4006948907D-02   -0.4342960111D-03
    0.5706273986D-04    0.4204661210D-02   -0.4772820740D-03
    0.5998987398D-04    0.4411366706D-02   -0.5242032052D-03
    0.6306708548D-04    0.4627375439D-02   -0.5753481047D-03
    0.6630206899D-04    0.4852997972D-02   -0.6310097300D-03
    0.6970291365D-04    0.5088545247D-02   -0.6914805196D-03
    0.7327812334D-04    0.5334328965D-02   -0.7570461614D-03
    0.7703663795D-04    0.5590662696D-02   -0.8279776389D-03
    0.8098785573D-04    0.5857863995D-02   -0.9045212866D-03
    0.8514165677D-04    0.6136257817D-02   -0.9868866526D-03
    0.8950842775D-04    0.6426181557D-02   -0.1075232148D-02
    0.9409908787D-04    0.6727991962D-02   -0.1169648892D-02
    0.9892511616D-04    0.7042073960D-02   -0.1270144043D-02
    0.1039985802D-03    0.7368851003D-02   -0.1376626567D-02
    0.1093321663D-03    0.7708795593D-02   -0.1488900951D-02
    0.1149392113D-03    0.8062437487D-02   -0.1606677119D-02
    0.1208337355D-03    0.8430366180D-02   -0.1729604563D-02
    0.1270304785D-03    0.8813225330D-02   -0.1857330335D-02
    0.1335449353D-03    0.9211700672D-02   -0.1989564467D-02
    0.1403933954D-03    0.9626506915D-02   -0.2126126926D-02
    0.1475929836D-03    0.1005837899D-01   -0.2266961004D-02
    0.1551617026D-03    0.1050806903D-01   -0.2412118891D-02
    0.1631184781D-03    0.1097634737D-01   -0.2561735488D-02
    0.1714832062D-03    0.1146400505D-01   -0.2716003038D-02
    0.1802768031D-03    0.1197185660D-01   -0.2875151781D-02
    0.1895212573D-03    0.1250074228D-01   -0.3039437078D-02
    0.1992396849D-03    0.1305152990D-01   -0.3209131598D-02
    0.2094563868D-03    0.1362511619D-01   -0.3384520957D-02
    0.2201969103D-03    0.1422242779D-01   -0.3565901489D-02
    0.2314881122D-03    0.1484442207D-01   -0.3753579255D-02
    0.2433582264D-03    0.1549208779D-01   -0.3947869725D-02
    0.2558369344D-03    0.1616644564D-01   -0.4149097794D-02
    0.2689554394D-03    0.1686854863D-01   -0.4357597972D-02
    0.2827465445D-03    0.1759948252D-01   -0.4573714628D-02
    0.2972447348D-03    0.1836036596D-01   -0.4797802264D-02
    0.3124862631D-03    0.1915235074D-01   -0.5030225788D-02
    0.3285092413D-03    0.1997662172D-01   -0.5271360771D-02
    0.3453537351D-03    0.2083439679D-01   -0.5521593692D-02
    0.3630618647D-03    0.2172692654D-01   -0.5781322160D-02
    0.3816779094D-03    0.2265549388D-01   -0.6050955108D-02
    0.4012484192D-03    0.2362141337D-01   -0.6330912966D-02
    0.4218223304D-03    0.2462603038D-01   -0.6621627788D-02
    0.4434510887D-03    0.2567072002D-01   -0.6923543355D-02
    0.4661887771D-03    0.2675688574D-01   -0.7237115224D-02
    0.4900922517D-03    0.2788595769D-01   -0.7562810733D-02
    0.5152212837D-03    0.2905939069D-01   -0.7901108950D-02
    0.5416387086D-03    0.3027866191D-01   -0.8252500563D-02
    0.5694105839D-03    0.3154526800D-01   -0.8617487697D-02
    0.5986063538D-03    0.3286072192D-01   -0.8996583651D-02
    0.6292990227D-03    0.3422654914D-01   -0.9390312559D-02
    0.6615653384D-03    0.3564428334D-01   -0.9799208940D-02
    0.6954859836D-03    0.3711546151D-01   -0.1022381716D-01
    0.7311457773D-03    0.3864161833D-01   -0.1066469074D-01
    0.7686338878D-03    0.4022427988D-01   -0.1112239159D-01
    0.8080440549D-03    0.4186495645D-01   -0.1159748905D-01
    0.8494748244D-03    0.4356513459D-01   -0.1209055876D-01
    0.8930297948D-03    0.4532626808D-01   -0.1260218144D-01
    0.9388178764D-03    0.4714976792D-01   -0.1313294134D-01
    0.9869535631D-03    0.4903699118D-01   -0.1368342463D-01
    0.1037557219D-02    0.5098922856D-01   -0.1425421743D-01
    0.1090755380D-02    0.5300769066D-01   -0.1484590365D-01
    0.1146681069D-02    0.5509349279D-01   -0.1545906257D-01
    0.1205474130D-02    0.5724763818D-01   -0.1609426606D-01
    0.1267281575D-02    0.5947099950D-01   -0.1675207551D-01
    0.1332257956D-02    0.6176429862D-01   -0.1743303843D-01
    0.1400565747D-02    0.6412808432D-01   -0.1813768460D-01
    0.1472375753D-02    0.6656270798D-01   -0.1886652184D-01
    0.1547867537D-02    0.6906829701D-01   -0.1962003137D-01
    0.1627229868D-02    0.7164472587D-01   -0.2039866263D-01
    0.1710661192D-02    0.7429158462D-01   -0.2120282760D-01
    0.1798370132D-02    0.7700814469D-01   -0.2203289457D-01
    0.1890576005D-02    0.7979332191D-01   -0.2288918135D-01
    0.1987509374D-02    0.8264563654D-01   -0.2377194779D-01
    0.2089412624D-02    0.8556317008D-01   -0.2468138769D-01
    0.2196540565D-02    0.8854351903D-01   -0.2561761995D-01
    0.2309161073D-02    0.9158374504D-01   -0.2658067903D-01
    0.2427555757D-02    0.9468032177D-01   -0.2757050458D-01
    0.2552020667D-02    0.9782907810D-01   -0.2858693028D-01
    0.2682867030D-02    0.1010251377D+00   -0.2962967181D-01
    0.2820422029D-02    0.1042628552D+00   -0.3069831395D-01
    0.2965029623D-02    0.1075357483D+00   -0.3179229676D-01
    0.3117051408D-02    0.1108364266D+00   -0.3291090082D-01
    0.3276867516D-02    0.1141565175D+00   -0.3405323158D-01
    0.3444877571D-02    0.1174865876D+00   -0.3521820268D-01
    0.3621501686D-02    0.1208160629D+00   -0.3640451843D-01
    0.3807181513D-02    0.1241331449D+00   -0.3761065526D-01
    0.4002381348D-02    0.1274247258D+00   -0.3883484240D-01
    0.4207589293D-02    0.1306763016D+00   -0.4007504161D-01
    0.4423318474D-02    0.1338718853D+00   -0.4132892628D-01
    0.4650108326D-02    0.1369939199D+00   -0.4259385975D-01
    0.4888525943D-02    0.1400231930D+00   -0.4386687317D-01
    0.5139167493D-02    0.1429387549D+00   -0.4514464295D-01
    0.5402659710D-02    0.1457178409D+00   -0.4642346807D-01
    0.5679661461D-02    0.1483357997D+00   -0.4769924734D-01
    0.5970865396D-02    0.1507660314D+00   -0.4896745714D-01
    0.6276999676D-02    0.1529799361D+00   -0.5022312966D-01
    0.6598829797D-02    0.1549468768D+00   -0.5146083228D-01
    0.6937160500D-02    0.1566341601D+00   -0.5267464841D-01
    0.7292837789D-02    0.1580070377D+00   -0.5385816030D-01
    0.7666751043D-02    0.1590287334D+00   -0.5500443446D-01
    0.8059835240D-02    0.1596605008D+00   -0.5610601025D-01
    0.8473073294D-02    0.1598617145D+00   -0.5715489247D-01
    0.8907498517D-02    0.1595900039D+00   -0.5814254872D-01
    0.9364197196D-02    0.1588014323D+00   -0.5905991239D-01
    0.9844311318D-02    0.1574507297D+00   -0.5989739238D-01
    0.1034904142D-01    0.1554915857D+00   -0.6064489044D-01
    0.1087964958D-01    0.1528770101D+00   -0.6129182753D-01
    0.1143746261D-01    0.1495597669D+00   -0.6182718012D-01
    0.1202387532D-01    0.1454928927D+00   -0.6223952805D-01
    0.1264035406D-01    0.1406303031D+00   -0.6251711500D-01
    0.1328844033D-01    0.1349274976D+00   -0.6264792317D-01
    0.1396975470D-01    0.1283423684D+00   -0.6261976345D-01
    0.1468600081D-01    0.1208361190D+00   -0.6242038246D-01
    0.1543896964D-01    0.1123742981D+00   -0.6203758777D-01
    0.1623054400D-01    0.1029279521D+00   -0.6145939250D-01
    0.1706270325D-01    0.9247489671D-01   -0.6067418040D-01
    0.1793752822D-01    0.8100110697D-01   -0.5967089195D-01
    0.1885720642D-01    0.6850222030D-01   -0.5843923236D-01
    0.1982403753D-01    0.5498514400D-01   -0.5696990109D-01
    0.2084043914D-01    0.4046975315D-01   -0.5525484280D-01
    0.2190895277D-01    0.2499065986D-01   -0.5328751842D-01
    0.2303225026D-01    0.8599027429D-02   -0.5106319470D-01
    0.2421314045D-01   -0.8635603551D-02   -0.4857924941D-01
    0.2545457617D-01   -0.2662351923D-01   -0.4583548855D-01
    0.2675966166D-01   -0.4525311706D-01   -0.4283447083D-01
    0.2813166032D-01   -0.6438933148D-01   -0.3958183329D-01
    0.2957400285D-01   -0.8387227079D-01   -0.3608661075D-01
    0.3109029587D-01   -0.1035161462D+00   -0.3236154039D-01
    0.3268433089D-01   -0.1231085832D+00   -0.2842334132D-01
    0.3436009383D-01   -0.1424104153D+00   -0.2429295779D-01
    0.3612177498D-01   -0.1611560672D+00   -0.1999575334D-01
    0.3797377945D-01   -0.1790546424D+00   -0.1556164219D-01
    0.3992073822D-01   -0.1957918304D+00   -0.1102514358D-01
    0.4196751970D-01   -0.2110327516D+00   -0.6425344111D-02
    0.4411924192D-01   -0.2244258510D+00   -0.1805753502D-02
    0.4638128529D-01   -0.2356079409D+00    0.2785960513D-02
    0.4875930610D-01   -0.2442104797D+00    0.7298370934D-02
    0.5125925065D-01   -0.2498671430D+00    0.1167683496D-01
    0.5388737009D-01   -0.2522227161D+00    0.1586419057D-01
    0.5665023610D-01   -0.2509432911D+00    0.1980161123D-01
    0.5955475728D-01   -0.2457277009D+00    0.2342961959D-01
    0.6260819645D-01   -0.2363200584D+00    0.2668925622D-01
    0.6581818878D-01   -0.2225231992D+00    0.2952339343D-01
    0.6919276095D-01   -0.2042127408D+00    0.3187817792D-01
    0.7274035113D-01   -0.1813513841D+00    0.3370457864D-01
    0.7646983015D-01   -0.1540029866D+00    0.3496000796D-01
    0.8039052364D-01   -0.1223458404D+00    0.3560997581D-01
    0.8451223539D-01   -0.8668449514D-01    0.3562972716D-01
    0.8884527183D-01   -0.4745938295D-01    0.3500580388D-01
    0.9340046778D-01   -0.5253438731D-02    0.3373746362D-01
    0.9818921364D-01    0.3920512855D-01    0.3183788076D-01
    0.1032234837D+00    0.8504475544D-01    0.2933504953D-01
    0.1085158664D+00    0.1312579274D+00    0.2627230814D-01
    0.1140795953D+00    0.1767147529D+00    0.2270840631D-01
    0.1199285827D+00    0.2201832251D+00    0.1871704826D-01
    0.1260774541D+00    0.2603564538D+00    0.1438585957D-01
    0.1325415848D+00    0.2958868526D+00    0.9814750223D-02
    0.1393371387D+00    0.3254269139D+00    0.5113674921D-02
    0.1464811080D+00    0.3476758152D+00    0.3998265036D-03
    0.1539913565D+00    0.3614306874D+00   -0.4205666932D-02
    0.1618866636D+00    0.3656409658D+00   -0.8581436435D-02
    0.1701867718D+00    0.3594638628D+00   -0.1260982479D-01
    0.1789124356D+00    0.3423186580D+00   -0.1618094305D-01
    0.1880854738D+00    0.3139372318D+00   -0.1919666540D-01
    0.1977288238D+00    0.2744080700D+00   -0.2157439441D-01
    0.2078665988D+00    0.2242108693D+00   -0.2325043481D-01
    0.2185241487D+00    0.1642388838D+00   -0.2418282399D-01
    0.2297281229D+00    0.9580629829D-01   -0.2435348038D-01
    0.2415065370D+00    0.2063822933D-01   -0.2376954338D-01
    0.2538888434D+00   -0.5915852808D-01   -0.2246379161D-01
    0.2669060043D+00   -0.1411451282D+00   -0.2049404239D-01
    0.2805905692D+00   -0.2226207666D+00   -0.1794146055D-01
    0.2949767568D+00   -0.3007120359D+00   -0.1490774414D-01
    0.3101005400D+00   -0.3724788513D+00   -0.1151121439D-01
    0.3259997361D+00   -0.4350326637D+00   -0.7881916974D-02
    0.3427141015D+00   -0.4856611820D+00   -0.4155937177D-02
    0.3602854307D+00   -0.5219526225D+00   -0.4692297574D-03
    0.3787576612D+00   -0.5419118219D+00    0.3048651542D-02
    0.3981769832D+00   -0.5440605577D+00    0.6280488925D-02
    0.4185919551D+00   -0.5275152089D+00    0.9126562007D-02
    0.4400536251D+00   -0.4920364140D+00    0.1150865216D-01
    0.4626156583D+00   -0.4380474883D+00    0.1337261282D-01
    0.4863344718D+00   -0.3666207683D+00    0.1468937297D-01
    0.5112693748D+00   -0.2794334414D+00    0.1545439886D-01
    0.5374827177D+00   -0.1786964979D+00    0.1568578521D-01
    0.5650400474D+00   -0.6706196653D-01    0.1542125845D-01
    0.5940102716D+00    0.5248553019D-01    0.1471443765D-01
    0.6244658309D+00    0.1767466311D+00    0.1363071092D-01
    0.6564828802D+00    0.3024285178D+00    0.1224305204D-01
    0.6901414787D+00    0.4262642593D+00    0.1062804045D-01
    0.7255257904D+00    0.5451256345D+00    0.8862271474D-02
    0.7627242946D+00    0.6561256174D+00    0.7019271097D-02
    0.8018300069D+00    0.7567074121D+00    0.5166968480D-02
    0.8429407119D+00    0.8447175218D+00    0.3365736845D-02
    0.8861592078D+00    0.9184608943D+00    0.1666987298D-02
    0.9315935635D+00    0.9767367570D+00    0.1122869814D-03
    0.9793573883D+00    0.1018854416D+01   -0.1267033430D-02
    0.1029570117D+01    0.1044629062D+01   -0.2449822750D-02
    0.1082357307D+01    0.1054358502D+01   -0.3424649442D-02
    0.1137850954D+01    0.1048782627D+01   -0.4188995162D-02
    0.1196189822D+01    0.1029028277D+01   -0.4748169152D-02
    0.1257519787D+01    0.9965428426D+00   -0.5114021171D-02
    0.1321994206D+01    0.9530203904D+00   -0.5303537075D-02
    0.1389774300D+01    0.9003242268D+00   -0.5337401677D-02
    0.1461029554D+01    0.8404096916D+00   -0.5238607261D-02
    0.1535938142D+01    0.7752505582D+00   -0.5031173827D-02
    0.1614687376D+01    0.7067718449D+00   -0.4739030463D-02
    0.1697474170D+01    0.6367911639D+00   -0.4385088732D-02
    0.1784505533D+01    0.5669700458D+00   -0.3990520938D-02
    0.1875999090D+01    0.4987760438D+00   -0.3574240696D-02
    0.1972183621D+01    0.4334558736D+00   -0.3152571547D-02
    0.2073299639D+01    0.3720194060D+00   -0.2739081834D-02
    0.2179599986D+01    0.3152339830D+00   -0.2344560347D-02
    0.2291350469D+01    0.2636282513D+00   -0.1977106554D-02
    0.2408830521D+01    0.2175044826D+00   -0.1642310511D-02
    0.2532333904D+01    0.1769581464D+00   -0.1343499727D-02
    0.2662169441D+01    0.1419033174D+00   -0.1082032721D-02
    0.2798661789D+01    0.1121023448D+00   -0.8576210922D-03
    0.2942152248D+01    0.8719809277D-01   -0.6686637134D-03
    0.3092999621D+01    0.6674701456D-01   -0.5125780860D-03
    0.3251581105D+01    0.5025136569D-01   -0.3861153813D-03
    0.3418293234D+01    0.3718900704D-01   -0.2856474270D-03
    0.3593552878D+01    0.2703950400D-01   -0.2074161301D-03
    0.3777798275D+01    0.1930557090D-01   -0.1477385901D-03
    0.3971490136D+01    0.1352931459D-01   -0.1031643329D-03
    0.4175112791D+01    0.9303154943D-02   -0.7058443390D-04
    0.4389175403D+01    0.6275698386D-02   -0.4729545443D-04
    0.4614213239D+01    0.4153172665D-02   -0.3102376614D-04
    0.4850789012D+01    0.2697266111D-02   -0.1991771438D-04
    0.5099494285D+01    0.1720337403D-02   -0.1251602891D-04
    0.5360950949D+01    0.1078972585D-02   -0.7700929180D-05
    0.5635812783D+01    0.6667807925D-03   -0.4643612395D-05
